org_id	remap_id
0	1
1	2
2	3
3	4
4	5
5	6
6	7
7	8
8	9
9	10
10	11
11	12
12	13
13	14
14	15
15	16
16	17
17	18
18	19
19	20
20	21
21	22
22	23
23	24
24	25
25	26
26	27
27	28
28	29
29	30
30	31
31	32
32	33
33	34
34	35
35	36
36	37
37	38
38	39
39	40
40	41
41	42
42	43
43	44
44	45
45	46
46	47
47	48
48	49
49	50
50	51
51	52
52	53
53	54
54	55
55	56
56	57
57	58
58	59
59	60
60	61
61	62
62	63
63	64
64	65
65	66
66	67
67	68
68	69
69	70
70	71
71	72
72	73
73	74
74	75
75	76
76	77
77	78
78	79
79	80
80	81
81	82
82	83
83	84
84	85
85	86
86	87
87	88
88	89
89	90
90	91
91	92
92	93
93	94
94	95
95	96
96	97
97	98
98	99
99	100
100	101
101	102
102	103
103	104
104	105
105	106
106	107
107	108
108	109
109	110
110	111
111	112
112	113
113	114
114	115
115	116
116	117
117	118
118	119
119	120
120	121
121	122
122	123
123	124
124	125
125	126
126	127
127	128
128	129
129	130
130	131
131	132
132	133
133	134
134	135
135	136
136	137
137	138
138	139
139	140
140	141
141	142
142	143
143	144
144	145
145	146
146	147
147	148
148	149
149	150
150	151
151	152
152	153
153	154
154	155
155	156
156	157
157	158
158	159
159	160
160	161
161	162
162	163
163	164
164	165
165	166
166	167
167	168
168	169
169	170
170	171
171	172
172	173
173	174
174	175
175	176
176	177
177	178
178	179
179	180
180	181
181	182
182	183
183	184
184	185
185	186
186	187
187	188
188	189
189	190
190	191
191	192
192	193
193	194
194	195
195	196
196	197
197	198
198	199
199	200
200	201
201	202
202	203
203	204
204	205
205	206
206	207
207	208
208	209
209	210
210	211
211	212
212	213
213	214
214	215
215	216
216	217
217	218
218	219
219	220
220	221
221	222
222	223
223	224
224	225
225	226
226	227
227	228
228	229
229	230
230	231
231	232
232	233
233	234
234	235
235	236
236	237
237	238
238	239
239	240
240	241
241	242
242	243
243	244
244	245
245	246
246	247
247	248
248	249
249	250
250	251
251	252
252	253
253	254
254	255
255	256
256	257
257	258
258	259
259	260
260	261
261	262
262	263
263	264
264	265
265	266
266	267
267	268
268	269
269	270
270	271
271	272
272	273
273	274
274	275
275	276
276	277
277	278
278	279
279	280
280	281
281	282
282	283
283	284
284	285
285	286
286	287
287	288
288	289
289	290
290	291
291	292
292	293
293	294
294	295
295	296
296	297
297	298
298	299
299	300
300	301
301	302
302	303
303	304
304	305
305	306
306	307
307	308
308	309
309	310
310	311
311	312
312	313
313	314
314	315
315	316
316	317
317	318
318	319
319	320
320	321
321	322
322	323
323	324
324	325
325	326
326	327
327	328
328	329
329	330
330	331
331	332
332	333
333	334
334	335
335	336
336	337
337	338
338	339
339	340
340	341
341	342
342	343
343	344
344	345
345	346
346	347
347	348
348	349
349	350
350	351
351	352
352	353
353	354
354	355
355	356
356	357
357	358
358	359
359	360
360	361
361	362
362	363
363	364
364	365
365	366
366	367
367	368
368	369
369	370
370	371
371	372
372	373
373	374
374	375
375	376
376	377
377	378
378	379
379	380
380	381
381	382
382	383
383	384
384	385
385	386
386	387
387	388
388	389
389	390
390	391
391	392
392	393
393	394
394	395
395	396
396	397
397	398
398	399
399	400
400	401
401	402
402	403
403	404
404	405
405	406
406	407
407	408
408	409
409	410
410	411
411	412
412	413
413	414
414	415
415	416
416	417
417	418
418	419
419	420
420	421
421	422
422	423
423	424
424	425
425	426
426	427
427	428
428	429
429	430
430	431
431	432
432	433
433	434
434	435
435	436
436	437
437	438
438	439
439	440
440	441
441	442
442	443
443	444
444	445
445	446
446	447
447	448
448	449
449	450
450	451
451	452
452	453
453	454
454	455
455	456
456	457
457	458
458	459
459	460
460	461
461	462
462	463
463	464
464	465
465	466
466	467
467	468
468	469
469	470
470	471
471	472
472	473
473	474
474	475
475	476
476	477
477	478
478	479
479	480
480	481
481	482
482	483
483	484
484	485
485	486
486	487
487	488
488	489
489	490
490	491
491	492
492	493
493	494
494	495
495	496
496	497
497	498
498	499
499	500
500	501
501	502
502	503
503	504
504	505
505	506
506	507
507	508
508	509
509	510
510	511
511	512
512	513
513	514
514	515
515	516
516	517
517	518
518	519
519	520
520	521
521	522
522	523
523	524
524	525
525	526
526	527
527	528
528	529
529	530
530	531
531	532
532	533
533	534
534	535
535	536
536	537
537	538
538	539
539	540
540	541
541	542
542	543
543	544
544	545
545	546
546	547
547	548
548	549
549	550
550	551
551	552
552	553
553	554
554	555
555	556
556	557
557	558
558	559
559	560
560	561
561	562
562	563
563	564
564	565
565	566
566	567
567	568
568	569
569	570
570	571
571	572
572	573
573	574
574	575
575	576
576	577
577	578
578	579
579	580
580	581
581	582
582	583
583	584
584	585
585	586
586	587
587	588
588	589
589	590
590	591
591	592
592	593
593	594
594	595
595	596
596	597
597	598
598	599
599	600
600	601
601	602
602	603
603	604
604	605
605	606
606	607
607	608
608	609
609	610
610	611
611	612
612	613
613	614
614	615
615	616
616	617
617	618
618	619
619	620
620	621
621	622
622	623
623	624
624	625
625	626
626	627
627	628
628	629
629	630
630	631
631	632
632	633
633	634
634	635
635	636
636	637
637	638
638	639
639	640
640	641
641	642
642	643
643	644
644	645
645	646
646	647
647	648
648	649
649	650
650	651
651	652
652	653
653	654
654	655
655	656
656	657
657	658
658	659
659	660
660	661
661	662
662	663
663	664
664	665
665	666
666	667
667	668
668	669
669	670
670	671
671	672
672	673
673	674
674	675
675	676
676	677
677	678
678	679
679	680
680	681
681	682
682	683
683	684
684	685
685	686
686	687
687	688
688	689
689	690
690	691
691	692
692	693
693	694
694	695
695	696
696	697
697	698
698	699
699	700
700	701
701	702
702	703
703	704
704	705
705	706
706	707
707	708
708	709
709	710
710	711
711	712
712	713
713	714
714	715
715	716
716	717
717	718
718	719
719	720
720	721
721	722
722	723
723	724
724	725
725	726
726	727
727	728
728	729
729	730
730	731
731	732
732	733
733	734
734	735
735	736
736	737
737	738
738	739
739	740
740	741
741	742
742	743
743	744
744	745
745	746
746	747
747	748
748	749
749	750
750	751
751	752
752	753
753	754
754	755
755	756
756	757
757	758
758	759
759	760
760	761
761	762
762	763
763	764
764	765
765	766
766	767
767	768
768	769
769	770
770	771
771	772
772	773
773	774
774	775
775	776
776	777
777	778
778	779
779	780
780	781
781	782
782	783
783	784
784	785
785	786
786	787
787	788
788	789
789	790
790	791
791	792
792	793
793	794
794	795
795	796
796	797
797	798
798	799
799	800
800	801
801	802
802	803
803	804
804	805
805	806
806	807
807	808
808	809
809	810
810	811
811	812
812	813
813	814
814	815
815	816
816	817
817	818
818	819
819	820
820	821
821	822
822	823
823	824
824	825
825	826
826	827
827	828
828	829
829	830
830	831
831	832
832	833
833	834
834	835
835	836
836	837
837	838
838	839
839	840
840	841
841	842
842	843
843	844
844	845
845	846
846	847
847	848
848	849
849	850
850	851
851	852
852	853
853	854
854	855
855	856
856	857
857	858
858	859
859	860
860	861
861	862
862	863
863	864
864	865
865	866
866	867
867	868
868	869
869	870
870	871
871	872
872	873
873	874
874	875
875	876
876	877
877	878
878	879
879	880
880	881
881	882
882	883
883	884
884	885
885	886
886	887
887	888
888	889
889	890
890	891
891	892
892	893
893	894
894	895
895	896
896	897
897	898
898	899
899	900
900	901
901	902
902	903
903	904
904	905
905	906
906	907
907	908
908	909
909	910
910	911
911	912
912	913
913	914
914	915
915	916
916	917
917	918
918	919
919	920
920	921
921	922
922	923
923	924
924	925
925	926
926	927
927	928
928	929
929	930
930	931
931	932
932	933
933	934
934	935
935	936
936	937
937	938
938	939
939	940
940	941
941	942
942	943
943	944
944	945
945	946
946	947
947	948
948	949
949	950
950	951
951	952
952	953
953	954
954	955
955	956
956	957
957	958
958	959
959	960
960	961
961	962
962	963
963	964
964	965
965	966
966	967
967	968
968	969
969	970
970	971
971	972
972	973
973	974
974	975
975	976
976	977
977	978
978	979
979	980
980	981
981	982
982	983
983	984
984	985
985	986
986	987
987	988
988	989
989	990
990	991
991	992
992	993
993	994
994	995
995	996
996	997
997	998
998	999
999	1000
1000	1001
1001	1002
1002	1003
1003	1004
1004	1005
1005	1006
1006	1007
1007	1008
1008	1009
1009	1010
1010	1011
1011	1012
1012	1013
1013	1014
1014	1015
1015	1016
1016	1017
1017	1018
1018	1019
1019	1020
1020	1021
1021	1022
1022	1023
1023	1024
1024	1025
1025	1026
1026	1027
1027	1028
1028	1029
1029	1030
1030	1031
1031	1032
1032	1033
1033	1034
1034	1035
1035	1036
1036	1037
1037	1038
1038	1039
1039	1040
1040	1041
1041	1042
1042	1043
1043	1044
1044	1045
1045	1046
1046	1047
1047	1048
1048	1049
1049	1050
1050	1051
1051	1052
1052	1053
1053	1054
1054	1055
1055	1056
1056	1057
1057	1058
1058	1059
1059	1060
1060	1061
1061	1062
1062	1063
1063	1064
1064	1065
1065	1066
1066	1067
1067	1068
1068	1069
1069	1070
1070	1071
1071	1072
1072	1073
1073	1074
1074	1075
1075	1076
1076	1077
1077	1078
1078	1079
1079	1080
1080	1081
1081	1082
1082	1083
1083	1084
1084	1085
1085	1086
1086	1087
1087	1088
1088	1089
1089	1090
1090	1091
1091	1092
1092	1093
1093	1094
1094	1095
1095	1096
1096	1097
1097	1098
1098	1099
1099	1100
1100	1101
1101	1102
1102	1103
1103	1104
1104	1105
1105	1106
1106	1107
1107	1108
1108	1109
1109	1110
1110	1111
1111	1112
1112	1113
1113	1114
1114	1115
1115	1116
1116	1117
1117	1118
1118	1119
1119	1120
1120	1121
1121	1122
1122	1123
1123	1124
1124	1125
1125	1126
1126	1127
1127	1128
1128	1129
1129	1130
1130	1131
1131	1132
1132	1133
1133	1134
1134	1135
1135	1136
1136	1137
1137	1138
1138	1139
1139	1140
1140	1141
1141	1142
1142	1143
1143	1144
1144	1145
1145	1146
1146	1147
1147	1148
1148	1149
1149	1150
1150	1151
1151	1152
1152	1153
1153	1154
1154	1155
1155	1156
1156	1157
1157	1158
1158	1159
1159	1160
1160	1161
1161	1162
1162	1163
1163	1164
1164	1165
1165	1166
1166	1167
1167	1168
1168	1169
1169	1170
1170	1171
1171	1172
1172	1173
1173	1174
1174	1175
1175	1176
1176	1177
1177	1178
1178	1179
1179	1180
1180	1181
1181	1182
1182	1183
1183	1184
1184	1185
1185	1186
1186	1187
1187	1188
1188	1189
1189	1190
1190	1191
1191	1192
1192	1193
1193	1194
1194	1195
1195	1196
1196	1197
1197	1198
1198	1199
1199	1200
1200	1201
1201	1202
1202	1203
1203	1204
1204	1205
1205	1206
1206	1207
1207	1208
1208	1209
1209	1210
1210	1211
1211	1212
1212	1213
1213	1214
1214	1215
1215	1216
1216	1217
1217	1218
1218	1219
1219	1220
1220	1221
1221	1222
1222	1223
1223	1224
1224	1225
1225	1226
1226	1227
1227	1228
1228	1229
1229	1230
1230	1231
1231	1232
1232	1233
1233	1234
1234	1235
1235	1236
1236	1237
1237	1238
1238	1239
1239	1240
1240	1241
1241	1242
1242	1243
1243	1244
1244	1245
1245	1246
1246	1247
1247	1248
1248	1249
1249	1250
1250	1251
1251	1252
1252	1253
1253	1254
1254	1255
1255	1256
1256	1257
1257	1258
1258	1259
1259	1260
1260	1261
1261	1262
1262	1263
1263	1264
1264	1265
1265	1266
1266	1267
1267	1268
1268	1269
1269	1270
1270	1271
1271	1272
1272	1273
1273	1274
1274	1275
1275	1276
1276	1277
1277	1278
1278	1279
1279	1280
1280	1281
1281	1282
1282	1283
1283	1284
1284	1285
1285	1286
1286	1287
1287	1288
1288	1289
1289	1290
1290	1291
1291	1292
1292	1293
1293	1294
1294	1295
1295	1296
1296	1297
1297	1298
1298	1299
1299	1300
1300	1301
1301	1302
1302	1303
1303	1304
1304	1305
1305	1306
1306	1307
1307	1308
1308	1309
1309	1310
1310	1311
1311	1312
1312	1313
1313	1314
1314	1315
1315	1316
1316	1317
1317	1318
1318	1319
1319	1320
1320	1321
1321	1322
1322	1323
1323	1324
1324	1325
1325	1326
1326	1327
1327	1328
1328	1329
1329	1330
1330	1331
1331	1332
1332	1333
1333	1334
1334	1335
1335	1336
1336	1337
1337	1338
1338	1339
1339	1340
1340	1341
1341	1342
1342	1343
1343	1344
1344	1345
1345	1346
1346	1347
1347	1348
1348	1349
1349	1350
1350	1351
1351	1352
1352	1353
1353	1354
1354	1355
1355	1356
1356	1357
1357	1358
1358	1359
1359	1360
1360	1361
1361	1362
1362	1363
1363	1364
1364	1365
1365	1366
1366	1367
1367	1368
1368	1369
1369	1370
1370	1371
1371	1372
1372	1373
1373	1374
1374	1375
1375	1376
1376	1377
1377	1378
1378	1379
1379	1380
1380	1381
1381	1382
1382	1383
1383	1384
1384	1385
1385	1386
1386	1387
1387	1388
1388	1389
1389	1390
1390	1391
1391	1392
1392	1393
1393	1394
1394	1395
1395	1396
1396	1397
1397	1398
1398	1399
1399	1400
1400	1401
1401	1402
1402	1403
1403	1404
1404	1405
1405	1406
1406	1407
1407	1408
1408	1409
1409	1410
1410	1411
1411	1412
1412	1413
1413	1414
1414	1415
1415	1416
1416	1417
1417	1418
1418	1419
1419	1420
1420	1421
1421	1422
1422	1423
1423	1424
1424	1425
1425	1426
1426	1427
1427	1428
1428	1429
1429	1430
1430	1431
1431	1432
1432	1433
1433	1434
1434	1435
1435	1436
1436	1437
1437	1438
1438	1439
1439	1440
1440	1441
1441	1442
1442	1443
1443	1444
1444	1445
1445	1446
1446	1447
1447	1448
1448	1449
1449	1450
1450	1451
1451	1452
1452	1453
1453	1454
1454	1455
1455	1456
1456	1457
1457	1458
1458	1459
1459	1460
1460	1461
1461	1462
1462	1463
1463	1464
1464	1465
1465	1466
1466	1467
1467	1468
1468	1469
1469	1470
1470	1471
1471	1472
1472	1473
1473	1474
1474	1475
1475	1476
1476	1477
1477	1478
1478	1479
1479	1480
1480	1481
1481	1482
1482	1483
1483	1484
1484	1485
1485	1486
1486	1487
1487	1488
1488	1489
1489	1490
1490	1491
1491	1492
1492	1493
1493	1494
1494	1495
1495	1496
1496	1497
1497	1498
1498	1499
1499	1500
1500	1501
1501	1502
1502	1503
1503	1504
1504	1505
1505	1506
1506	1507
1507	1508
1508	1509
1509	1510
1510	1511
1511	1512
1512	1513
1513	1514
1514	1515
1515	1516
1516	1517
1517	1518
1518	1519
1519	1520
1520	1521
1521	1522
1522	1523
1523	1524
1524	1525
1525	1526
1526	1527
1527	1528
1528	1529
1529	1530
1530	1531
1531	1532
1532	1533
1533	1534
1534	1535
1535	1536
1536	1537
1537	1538
1538	1539
1539	1540
1540	1541
1541	1542
1542	1543
1543	1544
1544	1545
1545	1546
1546	1547
1547	1548
1548	1549
1549	1550
1550	1551
1551	1552
1552	1553
1553	1554
1554	1555
1555	1556
1556	1557
1557	1558
1558	1559
1559	1560
1560	1561
1561	1562
1562	1563
1563	1564
1564	1565
1565	1566
1566	1567
1567	1568
1568	1569
1569	1570
1570	1571
1571	1572
1572	1573
1573	1574
1574	1575
1575	1576
1576	1577
1577	1578
1578	1579
1579	1580
1580	1581
1581	1582
1582	1583
1583	1584
1584	1585
1585	1586
1586	1587
1587	1588
1588	1589
1589	1590
1590	1591
1591	1592
1592	1593
1593	1594
1594	1595
1595	1596
1596	1597
1597	1598
1598	1599
1599	1600
1600	1601
1601	1602
1602	1603
1603	1604
1604	1605
1605	1606
1606	1607
1607	1608
1608	1609
1609	1610
1610	1611
1611	1612
1612	1613
1613	1614
1614	1615
1615	1616
1616	1617
1617	1618
1618	1619
1619	1620
1620	1621
1621	1622
1622	1623
1623	1624
1624	1625
1625	1626
1626	1627
1627	1628
1628	1629
1629	1630
1630	1631
1631	1632
1632	1633
1633	1634
1634	1635
1635	1636
1636	1637
1637	1638
1638	1639
1639	1640
1640	1641
1641	1642
1642	1643
1643	1644
1644	1645
1645	1646
1646	1647
1647	1648
1648	1649
1649	1650
1650	1651
1651	1652
1652	1653
1653	1654
1654	1655
1655	1656
1656	1657
1657	1658
1658	1659
1659	1660
1660	1661
1661	1662
1662	1663
1663	1664
1664	1665
1665	1666
1666	1667
1667	1668
1668	1669
1669	1670
1670	1671
1671	1672
1672	1673
1673	1674
1674	1675
1675	1676
1676	1677
1677	1678
1678	1679
1679	1680
1680	1681
1681	1682
1682	1683
1683	1684
1684	1685
1685	1686
1686	1687
1687	1688
1688	1689
1689	1690
1690	1691
1691	1692
1692	1693
1693	1694
1694	1695
1695	1696
1696	1697
1697	1698
1698	1699
1699	1700
1700	1701
1701	1702
1702	1703
1703	1704
1704	1705
1705	1706
1706	1707
1707	1708
1708	1709
1709	1710
1710	1711
1711	1712
1712	1713
1713	1714
1714	1715
1715	1716
1716	1717
1717	1718
1718	1719
1719	1720
1720	1721
1721	1722
1722	1723
1723	1724
1724	1725
1725	1726
1726	1727
1727	1728
1728	1729
1729	1730
1730	1731
1731	1732
1732	1733
1733	1734
1734	1735
1735	1736
1736	1737
1737	1738
1738	1739
1739	1740
1740	1741
1741	1742
1742	1743
1743	1744
1744	1745
1745	1746
1746	1747
1747	1748
1748	1749
1749	1750
1750	1751
1751	1752
1752	1753
1753	1754
1754	1755
1755	1756
1756	1757
1757	1758
1758	1759
1759	1760
1760	1761
1761	1762
1762	1763
1763	1764
1764	1765
1765	1766
1766	1767
1767	1768
1768	1769
1769	1770
1770	1771
1771	1772
1772	1773
1773	1774
1774	1775
1775	1776
1776	1777
1777	1778
1778	1779
1779	1780
1780	1781
1781	1782
1782	1783
1783	1784
1784	1785
1785	1786
1786	1787
1787	1788
1788	1789
1789	1790
1790	1791
1791	1792
1792	1793
1793	1794
1794	1795
1795	1796
1796	1797
1797	1798
1798	1799
1799	1800
1800	1801
1801	1802
1802	1803
1803	1804
1804	1805
1805	1806
1806	1807
1807	1808
1808	1809
1809	1810
1810	1811
1811	1812
1812	1813
1813	1814
1814	1815
1815	1816
1816	1817
1817	1818
1818	1819
1819	1820
1820	1821
1821	1822
1822	1823
1823	1824
1824	1825
1825	1826
1826	1827
1827	1828
1828	1829
1829	1830
1830	1831
1831	1832
1832	1833
1833	1834
1834	1835
1835	1836
1836	1837
1837	1838
1838	1839
1839	1840
1840	1841
1841	1842
1842	1843
1843	1844
1844	1845
1845	1846
1846	1847
1847	1848
1848	1849
1849	1850
1850	1851
1851	1852
1852	1853
1853	1854
1854	1855
1855	1856
1856	1857
1857	1858
1858	1859
1859	1860
1860	1861
1861	1862
1862	1863
1863	1864
1864	1865
1865	1866
1866	1867
1867	1868
1868	1869
1869	1870
1870	1871
1871	1872
1872	1873
1873	1874
1874	1875
1875	1876
1876	1877
1877	1878
1878	1879
1879	1880
1880	1881
1881	1882
1882	1883
1883	1884
1884	1885
1885	1886
1886	1887
1887	1888
1888	1889
1889	1890
1890	1891
1891	1892
1892	1893
1893	1894
1894	1895
1895	1896
1896	1897
1897	1898
1898	1899
1899	1900
1900	1901
1901	1902
1902	1903
1903	1904
1904	1905
1905	1906
1906	1907
1907	1908
1908	1909
1909	1910
1910	1911
1911	1912
1912	1913
1913	1914
1914	1915
1915	1916
1916	1917
1917	1918
1918	1919
1919	1920
1920	1921
1921	1922
1922	1923
1923	1924
1924	1925
1925	1926
1926	1927
1927	1928
1928	1929
1929	1930
1930	1931
1931	1932
1932	1933
1933	1934
1934	1935
1935	1936
1936	1937
1937	1938
1938	1939
1939	1940
1940	1941
1941	1942
1942	1943
1943	1944
1944	1945
1945	1946
1946	1947
1947	1948
1948	1949
1949	1950
1950	1951
1951	1952
1952	1953
1953	1954
1954	1955
1955	1956
1956	1957
1957	1958
1958	1959
1959	1960
1960	1961
1961	1962
1962	1963
1963	1964
1964	1965
1965	1966
1966	1967
1967	1968
1968	1969
1969	1970
1970	1971
1971	1972
1972	1973
1973	1974
1974	1975
1975	1976
1976	1977
1977	1978
1978	1979
1979	1980
1980	1981
1981	1982
1982	1983
1983	1984
1984	1985
1985	1986
1986	1987
1987	1988
1988	1989
1989	1990
1990	1991
1991	1992
1992	1993
1993	1994
1994	1995
1995	1996
1996	1997
1997	1998
1998	1999
1999	2000
2000	2001
2001	2002
2002	2003
2003	2004
2004	2005
2005	2006
2006	2007
2007	2008
2008	2009
2009	2010
2010	2011
2011	2012
2012	2013
2013	2014
2014	2015
2015	2016
2016	2017
2017	2018
2018	2019
2019	2020
2020	2021
2021	2022
2022	2023
2023	2024
2024	2025
2025	2026
2026	2027
2027	2028
2028	2029
2029	2030
2030	2031
2031	2032
2032	2033
2033	2034
2034	2035
2035	2036
2036	2037
2037	2038
2038	2039
2039	2040
2040	2041
2041	2042
2042	2043
2043	2044
2044	2045
2045	2046
2046	2047
2047	2048
2048	2049
2049	2050
2050	2051
2051	2052
2052	2053
2053	2054
2054	2055
2055	2056
2056	2057
2057	2058
2058	2059
2059	2060
2060	2061
2061	2062
2062	2063
2063	2064
2064	2065
2065	2066
2066	2067
2067	2068
2068	2069
2069	2070
2070	2071
2071	2072
2072	2073
2073	2074
2074	2075
2075	2076
2076	2077
2077	2078
2078	2079
2079	2080
2080	2081
2081	2082
2082	2083
2083	2084
2084	2085
2085	2086
2086	2087
2087	2088
2088	2089
2089	2090
2090	2091
2091	2092
2092	2093
2093	2094
2094	2095
2095	2096
2096	2097
2097	2098
2098	2099
2099	2100
2100	2101
2101	2102
2102	2103
2103	2104
2104	2105
2105	2106
2106	2107
2107	2108
2108	2109
2109	2110
2110	2111
2111	2112
2112	2113
2113	2114
2114	2115
2115	2116
2116	2117
2117	2118
2118	2119
2119	2120
2120	2121
2121	2122
2122	2123
2123	2124
2124	2125
2125	2126
2126	2127
2127	2128
2128	2129
2129	2130
2130	2131
2131	2132
2132	2133
2133	2134
2134	2135
2135	2136
2136	2137
2137	2138
2138	2139
2139	2140
2140	2141
2141	2142
2142	2143
2143	2144
2144	2145
2145	2146
2146	2147
2147	2148
2148	2149
2149	2150
2150	2151
2151	2152
2152	2153
2153	2154
2154	2155
2155	2156
2156	2157
2157	2158
2158	2159
2159	2160
2160	2161
2161	2162
2162	2163
2163	2164
2164	2165
2165	2166
2166	2167
2167	2168
2168	2169
2169	2170
2170	2171
2171	2172
2172	2173
2173	2174
2174	2175
2175	2176
2176	2177
2177	2178
2178	2179
2179	2180
2180	2181
2181	2182
2182	2183
2183	2184
2184	2185
2185	2186
2186	2187
2187	2188
2188	2189
2189	2190
2190	2191
2191	2192
2192	2193
2193	2194
2194	2195
2195	2196
2196	2197
2197	2198
2198	2199
2199	2200
2200	2201
2201	2202
2202	2203
2203	2204
2204	2205
2205	2206
2206	2207
2207	2208
2208	2209
2209	2210
2210	2211
2211	2212
2212	2213
2213	2214
2214	2215
2215	2216
2216	2217
2217	2218
2218	2219
2219	2220
2220	2221
2221	2222
2222	2223
2223	2224
2224	2225
2225	2226
2226	2227
2227	2228
2228	2229
2229	2230
2230	2231
2231	2232
2232	2233
2233	2234
2234	2235
2235	2236
2236	2237
2237	2238
2238	2239
2239	2240
2240	2241
2241	2242
2242	2243
2243	2244
2244	2245
2245	2246
2246	2247
2247	2248
2248	2249
2249	2250
2250	2251
2251	2252
2252	2253
2253	2254
2254	2255
2255	2256
2256	2257
2257	2258
2258	2259
2259	2260
2260	2261
2261	2262
2262	2263
2263	2264
2264	2265
2265	2266
2266	2267
2267	2268
2268	2269
2269	2270
2270	2271
2271	2272
2272	2273
2273	2274
2274	2275
2275	2276
2276	2277
2277	2278
2278	2279
2279	2280
2280	2281
2281	2282
2282	2283
2283	2284
2284	2285
2285	2286
2286	2287
2287	2288
2288	2289
2289	2290
2290	2291
2291	2292
2292	2293
2293	2294
2294	2295
2295	2296
2296	2297
2297	2298
2298	2299
2299	2300
2300	2301
2301	2302
2302	2303
2303	2304
2304	2305
2305	2306
2306	2307
2307	2308
2308	2309
2309	2310
2310	2311
2311	2312
2312	2313
2313	2314
2314	2315
2315	2316
2316	2317
2317	2318
2318	2319
2319	2320
2320	2321
2321	2322
2322	2323
2323	2324
2324	2325
2325	2326
2326	2327
2327	2328
2328	2329
2329	2330
2330	2331
2331	2332
2332	2333
2333	2334
2334	2335
2335	2336
2336	2337
2337	2338
2338	2339
2339	2340
2340	2341
2341	2342
2342	2343
2343	2344
2344	2345
2345	2346
2346	2347
2347	2348
2348	2349
2349	2350
2350	2351
2351	2352
2352	2353
2353	2354
2354	2355
2355	2356
2356	2357
2357	2358
2358	2359
2359	2360
2360	2361
2361	2362
2362	2363
2363	2364
2364	2365
2365	2366
2366	2367
2367	2368
2368	2369
2369	2370
2370	2371
2371	2372
2372	2373
2373	2374
2374	2375
2375	2376
2376	2377
2377	2378
2378	2379
2379	2380
2380	2381
2381	2382
2382	2383
2383	2384
2384	2385
2385	2386
2386	2387
2387	2388
2388	2389
2389	2390
2390	2391
2391	2392
2392	2393
2393	2394
2394	2395
2395	2396
2396	2397
2397	2398
2398	2399
2399	2400
2400	2401
2401	2402
2402	2403
2403	2404
2404	2405
2405	2406
2406	2407
2407	2408
2408	2409
2409	2410
2410	2411
2411	2412
2412	2413
2413	2414
2414	2415
2415	2416
2416	2417
2417	2418
2418	2419
2419	2420
2420	2421
2421	2422
2422	2423
2423	2424
2424	2425
2425	2426
2426	2427
2427	2428
2428	2429
2429	2430
2430	2431
2431	2432
2432	2433
2433	2434
2434	2435
2435	2436
2436	2437
2437	2438
2438	2439
2439	2440
2440	2441
2441	2442
2442	2443
2443	2444
2444	2445
2445	2446
2446	2447
2447	2448
2448	2449
2449	2450
2450	2451
2451	2452
2452	2453
2453	2454
2454	2455
2455	2456
2456	2457
2457	2458
2458	2459
2459	2460
2460	2461
2461	2462
2462	2463
2463	2464
2464	2465
2465	2466
2466	2467
2467	2468
2468	2469
2469	2470
2470	2471
2471	2472
2472	2473
2473	2474
2474	2475
2475	2476
2476	2477
2477	2478
2478	2479
2479	2480
2480	2481
2481	2482
2482	2483
2483	2484
2484	2485
2485	2486
2486	2487
2487	2488
2488	2489
2489	2490
2490	2491
2491	2492
2492	2493
2493	2494
2494	2495
2495	2496
2496	2497
2497	2498
2498	2499
2499	2500
2500	2501
2501	2502
2502	2503
2503	2504
2504	2505
2505	2506
2506	2507
2507	2508
2508	2509
2509	2510
2510	2511
2511	2512
2512	2513
2513	2514
2514	2515
2515	2516
2516	2517
2517	2518
2518	2519
2519	2520
2520	2521
2521	2522
2522	2523
2523	2524
2524	2525
2525	2526
2526	2527
2527	2528
2528	2529
2529	2530
2530	2531
2531	2532
2532	2533
2533	2534
2534	2535
2535	2536
2536	2537
2537	2538
2538	2539
2539	2540
2540	2541
2541	2542
2542	2543
2543	2544
2544	2545
2545	2546
2546	2547
2547	2548
2548	2549
2549	2550
2550	2551
2551	2552
2552	2553
2553	2554
2554	2555
2555	2556
2556	2557
2557	2558
2558	2559
2559	2560
2560	2561
2561	2562
2562	2563
2563	2564
2564	2565
2565	2566
2566	2567
2567	2568
2568	2569
2569	2570
2570	2571
2571	2572
2572	2573
2573	2574
2574	2575
2575	2576
2576	2577
2577	2578
2578	2579
2579	2580
2580	2581
2581	2582
2582	2583
2583	2584
2584	2585
2585	2586
2586	2587
2587	2588
2588	2589
2589	2590
2590	2591
2591	2592
2592	2593
2593	2594
2594	2595
2595	2596
2596	2597
2597	2598
2598	2599
2599	2600
2600	2601
2601	2602
2602	2603
2603	2604
2604	2605
2605	2606
2606	2607
2607	2608
2608	2609
2609	2610
2610	2611
2611	2612
2612	2613
2613	2614
2614	2615
2615	2616
2616	2617
2617	2618
2618	2619
2619	2620
2620	2621
2621	2622
2622	2623
2623	2624
2624	2625
2625	2626
2626	2627
2627	2628
2628	2629
2629	2630
2630	2631
2631	2632
2632	2633
2633	2634
2634	2635
2635	2636
2636	2637
2637	2638
2638	2639
2639	2640
2640	2641
2641	2642
2642	2643
2643	2644
2644	2645
2645	2646
2646	2647
2647	2648
2648	2649
2649	2650
2650	2651
2651	2652
2652	2653
2653	2654
2654	2655
2655	2656
2656	2657
2657	2658
2658	2659
2659	2660
2660	2661
2661	2662
2662	2663
2663	2664
2664	2665
2665	2666
2666	2667
2667	2668
2668	2669
2669	2670
2670	2671
2671	2672
2672	2673
2673	2674
2674	2675
2675	2676
2676	2677
2677	2678
2678	2679
2679	2680
2680	2681
2681	2682
2682	2683
2683	2684
2684	2685
2685	2686
2686	2687
2687	2688
2688	2689
2689	2690
2690	2691
2691	2692
2692	2693
2693	2694
2694	2695
2695	2696
2696	2697
2697	2698
2698	2699
2699	2700
2700	2701
2701	2702
2702	2703
2703	2704
2704	2705
2705	2706
2706	2707
2707	2708
2708	2709
2709	2710
2710	2711
2711	2712
2712	2713
2713	2714
2714	2715
2715	2716
2716	2717
2717	2718
2718	2719
2719	2720
2720	2721
2721	2722
2722	2723
2723	2724
2724	2725
2725	2726
2726	2727
2727	2728
2728	2729
2729	2730
2730	2731
2731	2732
2732	2733
2733	2734
2734	2735
2735	2736
2736	2737
2737	2738
2738	2739
2739	2740
2740	2741
2741	2742
2742	2743
2743	2744
2744	2745
2745	2746
2746	2747
2747	2748
2748	2749
2749	2750
2750	2751
2751	2752
2752	2753
2753	2754
2754	2755
2755	2756
2756	2757
2757	2758
2758	2759
2759	2760
2760	2761
2761	2762
2762	2763
2763	2764
2764	2765
2765	2766
2766	2767
2767	2768
2768	2769
2769	2770
2770	2771
2771	2772
2772	2773
2773	2774
2774	2775
2775	2776
2776	2777
2777	2778
2778	2779
2779	2780
2780	2781
2781	2782
2782	2783
2783	2784
2784	2785
2785	2786
2786	2787
2787	2788
2788	2789
2789	2790
2790	2791
2791	2792
2792	2793
2793	2794
2794	2795
2795	2796
2796	2797
2797	2798
2798	2799
2799	2800
2800	2801
2801	2802
2802	2803
2803	2804
2804	2805
2805	2806
2806	2807
2807	2808
2808	2809
2809	2810
2810	2811
2811	2812
2812	2813
2813	2814
2814	2815
2815	2816
2816	2817
2817	2818
2818	2819
2819	2820
2820	2821
2821	2822
2822	2823
2823	2824
2824	2825
2825	2826
2826	2827
2827	2828
2828	2829
2829	2830
2830	2831
2831	2832
2832	2833
2833	2834
2834	2835
2835	2836
2836	2837
2837	2838
2838	2839
2839	2840
2840	2841
2841	2842
2842	2843
2843	2844
2844	2845
2845	2846
2846	2847
2847	2848
2848	2849
2849	2850
2850	2851
2851	2852
2852	2853
2853	2854
2854	2855
2855	2856
2856	2857
2857	2858
2858	2859
2859	2860
2860	2861
2861	2862
2862	2863
2863	2864
2864	2865
2865	2866
2866	2867
2867	2868
2868	2869
2869	2870
2870	2871
2871	2872
2872	2873
2873	2874
2874	2875
2875	2876
2876	2877
2877	2878
2878	2879
2879	2880
2880	2881
2881	2882
2882	2883
2883	2884
2884	2885
2885	2886
2886	2887
2887	2888
2888	2889
2889	2890
2890	2891
2891	2892
2892	2893
2893	2894
2894	2895
2895	2896
2896	2897
2897	2898
2898	2899
2899	2900
2900	2901
2901	2902
2902	2903
2903	2904
2904	2905
2905	2906
2906	2907
2907	2908
2908	2909
2909	2910
2910	2911
2911	2912
2912	2913
2913	2914
2914	2915
2915	2916
2916	2917
2917	2918
2918	2919
2919	2920
2920	2921
2921	2922
2922	2923
2923	2924
2924	2925
2925	2926
2926	2927
2927	2928
2928	2929
2929	2930
2930	2931
2931	2932
2932	2933
2933	2934
2934	2935
2935	2936
2936	2937
2937	2938
2938	2939
2939	2940
2940	2941
2941	2942
2942	2943
2943	2944
2944	2945
2945	2946
2946	2947
2947	2948
2948	2949
2949	2950
2950	2951
2951	2952
2952	2953
2953	2954
2954	2955
2955	2956
2956	2957
2957	2958
2958	2959
2959	2960
2960	2961
2961	2962
2962	2963
2963	2964
2964	2965
2965	2966
2966	2967
2967	2968
2968	2969
2969	2970
2970	2971
2971	2972
2972	2973
2973	2974
2974	2975
2975	2976
2976	2977
2977	2978
2978	2979
2979	2980
2980	2981
2981	2982
2982	2983
2983	2984
2984	2985
2985	2986
2986	2987
2987	2988
2988	2989
2989	2990
2990	2991
2991	2992
2992	2993
2993	2994
2994	2995
2995	2996
2996	2997
2997	2998
2998	2999
2999	3000
3000	3001
3001	3002
3002	3003
3003	3004
3004	3005
3005	3006
3006	3007
3007	3008
3008	3009
3009	3010
3010	3011
3011	3012
3012	3013
3013	3014
3014	3015
3015	3016
3016	3017
3017	3018
3018	3019
3019	3020
3020	3021
3021	3022
3022	3023
3023	3024
3024	3025
3025	3026
3026	3027
3027	3028
3028	3029
3029	3030
3030	3031
3031	3032
3032	3033
3033	3034
3034	3035
3035	3036
3036	3037
3037	3038
3038	3039
3039	3040
3040	3041
3041	3042
3042	3043
3043	3044
3044	3045
3045	3046
3046	3047
3047	3048
3048	3049
3049	3050
3050	3051
3051	3052
3052	3053
3053	3054
3054	3055
3055	3056
3056	3057
3057	3058
3058	3059
3059	3060
3060	3061
3061	3062
3062	3063
3063	3064
3064	3065
3065	3066
3066	3067
3067	3068
3068	3069
3069	3070
3070	3071
3071	3072
3072	3073
3073	3074
3074	3075
3075	3076
3076	3077
3077	3078
3078	3079
3079	3080
3080	3081
3081	3082
3082	3083
3083	3084
3084	3085
3085	3086
3086	3087
3087	3088
3088	3089
3089	3090
3090	3091
3091	3092
3092	3093
3093	3094
3094	3095
3095	3096
3096	3097
3097	3098
3098	3099
3099	3100
3100	3101
3101	3102
3102	3103
3103	3104
3104	3105
3105	3106
3106	3107
3107	3108
3108	3109
3109	3110
3110	3111
3111	3112
3112	3113
3113	3114
3114	3115
3115	3116
3116	3117
3117	3118
3118	3119
3119	3120
3120	3121
3121	3122
3122	3123
3123	3124
3124	3125
3125	3126
3126	3127
3127	3128
3128	3129
3129	3130
3130	3131
3131	3132
3132	3133
3133	3134
3134	3135
3135	3136
3136	3137
3137	3138
3138	3139
3139	3140
3140	3141
3141	3142
3142	3143
3143	3144
3144	3145
3145	3146
3146	3147
3147	3148
3148	3149
3149	3150
3150	3151
3151	3152
3152	3153
3153	3154
3154	3155
3155	3156
3156	3157
3157	3158
3158	3159
3159	3160
3160	3161
3161	3162
3162	3163
3163	3164
3164	3165
3165	3166
3166	3167
3167	3168
3168	3169
3169	3170
3170	3171
3171	3172
3172	3173
3173	3174
3174	3175
3175	3176
3176	3177
3177	3178
3178	3179
3179	3180
3180	3181
3181	3182
3182	3183
3183	3184
3184	3185
3185	3186
3186	3187
3187	3188
3188	3189
3189	3190
3190	3191
3191	3192
3192	3193
3193	3194
3194	3195
3195	3196
3196	3197
3197	3198
3198	3199
3199	3200
3200	3201
3201	3202
3202	3203
3203	3204
3204	3205
3205	3206
3206	3207
3207	3208
3208	3209
3209	3210
3210	3211
3211	3212
3212	3213
3213	3214
3214	3215
3215	3216
3216	3217
3217	3218
3218	3219
3219	3220
3220	3221
3221	3222
3222	3223
3223	3224
3224	3225
3225	3226
3226	3227
3227	3228
3228	3229
3229	3230
3230	3231
3231	3232
3232	3233
3233	3234
3234	3235
3235	3236
3236	3237
3237	3238
3238	3239
3239	3240
3240	3241
3241	3242
3242	3243
3243	3244
3244	3245
3245	3246
3246	3247
3247	3248
3248	3249
3249	3250
3250	3251
3251	3252
3252	3253
3253	3254
3254	3255
3255	3256
3256	3257
3257	3258
3258	3259
3259	3260
3260	3261
3261	3262
3262	3263
3263	3264
3264	3265
3265	3266
3266	3267
3267	3268
3268	3269
3269	3270
3270	3271
3271	3272
3272	3273
3273	3274
3274	3275
3275	3276
3276	3277
3277	3278
3278	3279
3279	3280
3280	3281
3281	3282
3282	3283
3283	3284
3284	3285
3285	3286
3286	3287
3287	3288
3288	3289
3289	3290
3290	3291
3291	3292
3292	3293
3293	3294
3294	3295
3295	3296
3296	3297
3297	3298
3298	3299
3299	3300
3300	3301
3301	3302
3302	3303
3303	3304
3304	3305
3305	3306
3306	3307
3307	3308
3308	3309
3309	3310
3310	3311
3311	3312
3312	3313
3313	3314
3314	3315
3315	3316
3316	3317
3317	3318
3318	3319
3319	3320
3320	3321
3321	3322
3322	3323
3323	3324
3324	3325
3325	3326
3326	3327
3327	3328
3328	3329
3329	3330
3330	3331
3331	3332
3332	3333
3333	3334
3334	3335
3335	3336
3336	3337
3337	3338
3338	3339
3339	3340
3340	3341
3341	3342
3342	3343
3343	3344
3344	3345
3345	3346
3346	3347
3347	3348
3348	3349
3349	3350
3350	3351
3351	3352
3352	3353
3353	3354
3354	3355
3355	3356
3356	3357
3357	3358
3358	3359
3359	3360
3360	3361
3361	3362
3362	3363
3363	3364
3364	3365
3365	3366
3366	3367
3367	3368
3368	3369
3369	3370
3370	3371
3371	3372
3372	3373
3373	3374
3374	3375
3375	3376
3376	3377
3377	3378
3378	3379
3379	3380
3380	3381
3381	3382
3382	3383
3383	3384
3384	3385
3385	3386
3386	3387
3387	3388
3388	3389
3389	3390
3390	3391
3391	3392
3392	3393
3393	3394
3394	3395
3395	3396
3396	3397
3397	3398
3398	3399
3399	3400
3400	3401
3401	3402
3402	3403
3403	3404
3404	3405
3405	3406
3406	3407
3407	3408
3408	3409
3409	3410
3410	3411
3411	3412
3412	3413
3413	3414
3414	3415
3415	3416
3416	3417
3417	3418
3418	3419
3419	3420
3420	3421
3421	3422
3422	3423
3423	3424
3424	3425
3425	3426
3426	3427
3427	3428
3428	3429
3429	3430
3430	3431
3431	3432
3432	3433
3433	3434
3434	3435
3435	3436
3436	3437
3437	3438
3438	3439
3439	3440
3440	3441
3441	3442
3442	3443
3443	3444
3444	3445
3445	3446
3446	3447
3447	3448
3448	3449
3449	3450
3450	3451
3451	3452
3452	3453
3453	3454
3454	3455
3455	3456
3456	3457
3457	3458
3458	3459
3459	3460
3460	3461
3461	3462
3462	3463
3463	3464
3464	3465
3465	3466
3466	3467
3467	3468
3468	3469
3469	3470
3470	3471
3471	3472
3472	3473
3473	3474
3474	3475
3475	3476
3476	3477
3477	3478
3478	3479
3479	3480
3480	3481
3481	3482
3482	3483
3483	3484
3484	3485
3485	3486
3486	3487
3487	3488
3488	3489
3489	3490
3490	3491
3491	3492
3492	3493
3493	3494
3494	3495
3495	3496
3496	3497
3497	3498
3498	3499
3499	3500
3500	3501
3501	3502
3502	3503
3503	3504
3504	3505
3505	3506
3506	3507
3507	3508
3508	3509
3509	3510
3510	3511
3511	3512
3512	3513
3513	3514
3514	3515
3515	3516
3516	3517
3517	3518
3518	3519
3519	3520
3520	3521
3521	3522
3522	3523
3523	3524
3524	3525
3525	3526
3526	3527
3527	3528
3528	3529
3529	3530
3530	3531
3531	3532
3532	3533
3533	3534
3534	3535
3535	3536
3536	3537
3537	3538
3538	3539
3539	3540
3540	3541
3541	3542
3542	3543
3543	3544
3544	3545
3545	3546
3546	3547
3547	3548
3548	3549
3549	3550
3550	3551
3551	3552
3552	3553
3553	3554
3554	3555
3555	3556
3556	3557
3557	3558
3558	3559
3559	3560
3560	3561
3561	3562
3562	3563
3563	3564
3564	3565
3565	3566
3566	3567
3567	3568
3568	3569
3569	3570
3570	3571
3571	3572
3572	3573
3573	3574
3574	3575
3575	3576
3576	3577
3577	3578
3578	3579
3579	3580
3580	3581
3581	3582
3582	3583
3583	3584
3584	3585
3585	3586
3586	3587
3587	3588
3588	3589
3589	3590
3590	3591
3591	3592
3592	3593
3593	3594
3594	3595
3595	3596
3596	3597
3597	3598
3598	3599
3599	3600
3600	3601
3601	3602
3602	3603
3603	3604
3604	3605
3605	3606
3606	3607
3607	3608
3608	3609
3609	3610
3610	3611
3611	3612
3612	3613
3613	3614
3614	3615
3615	3616
3616	3617
3617	3618
3618	3619
3619	3620
3620	3621
3621	3622
3622	3623
3623	3624
3624	3625
3625	3626
3626	3627
3627	3628
3628	3629
3629	3630
3630	3631
3631	3632
3632	3633
3633	3634
3634	3635
3635	3636
3636	3637
3637	3638
3638	3639
3639	3640
3640	3641
3641	3642
3642	3643
3643	3644
3644	3645
3645	3646
3646	3647
3647	3648
3648	3649
3649	3650
3650	3651
3651	3652
3652	3653
3653	3654
3654	3655
3655	3656
3656	3657
3657	3658
3658	3659
3659	3660
3660	3661
3661	3662
3662	3663
3663	3664
3664	3665
3665	3666
3666	3667
3667	3668
3668	3669
3669	3670
3670	3671
3671	3672
3672	3673
3673	3674
3674	3675
3675	3676
3676	3677
3677	3678
3678	3679
3679	3680
3680	3681
3681	3682
3682	3683
3683	3684
3684	3685
3685	3686
3686	3687
3687	3688
3688	3689
3689	3690
3690	3691
3691	3692
3692	3693
3693	3694
3694	3695
3695	3696
3696	3697
3697	3698
3698	3699
3699	3700
3700	3701
3701	3702
3702	3703
3703	3704
3704	3705
3705	3706
3706	3707
3707	3708
3708	3709
3709	3710
3710	3711
3711	3712
3712	3713
3713	3714
3714	3715
3715	3716
3716	3717
3717	3718
3718	3719
3719	3720
3720	3721
3721	3722
3722	3723
3723	3724
3724	3725
3725	3726
3726	3727
3727	3728
3728	3729
3729	3730
3730	3731
3731	3732
3732	3733
3733	3734
3734	3735
3735	3736
3736	3737
3737	3738
3738	3739
3739	3740
3740	3741
3741	3742
3742	3743
3743	3744
3744	3745
3745	3746
3746	3747
3747	3748
3748	3749
3749	3750
3750	3751
3751	3752
3752	3753
3753	3754
3754	3755
3755	3756
3756	3757
3757	3758
3758	3759
3759	3760
3760	3761
3761	3762
3762	3763
3763	3764
3764	3765
3765	3766
3766	3767
3767	3768
3768	3769
3769	3770
3770	3771
3771	3772
3772	3773
3773	3774
3774	3775
3775	3776
3776	3777
3777	3778
3778	3779
3779	3780
3780	3781
3781	3782
3782	3783
3783	3784
3784	3785
3785	3786
3786	3787
3787	3788
3788	3789
3789	3790
3790	3791
3791	3792
3792	3793
3793	3794
3794	3795
3795	3796
3796	3797
3797	3798
3798	3799
3799	3800
3800	3801
3801	3802
3802	3803
3803	3804
3804	3805
3805	3806
3806	3807
3807	3808
3808	3809
3809	3810
3810	3811
3811	3812
3812	3813
3813	3814
3814	3815
3815	3816
3816	3817
3817	3818
3818	3819
3819	3820
3820	3821
3821	3822
3822	3823
3823	3824
3824	3825
3825	3826
3826	3827
3827	3828
3828	3829
3829	3830
3830	3831
3831	3832
3832	3833
3833	3834
3834	3835
3835	3836
3836	3837
3837	3838
3838	3839
3839	3840
3840	3841
3841	3842
3842	3843
3843	3844
3844	3845
3845	3846
2086	3846
1601	3847
3355	3848
3798	3849
427	3850
3177	3851
79	3852
715	3853
1840	3854
1276	3855
484	3856
3738	3857
3738	3858
613	3859
1865	3860
432	3861
2241	3862
2241	3863
684	3864
643	3865
1613	3866
2741	3867
1475	3868
1059	3869
1438	3870
1580	3871
538	3872
152	3873
1443	3874
416	3875
3390	3876
3279	3877
1479	3878
68	3879
68	3880
383	3881
2635	3882
3831	3883
3384	3884
1163	3885
3661	3886
541	3887
829	3888
3827	3889
1153	3890
3444	3891
3425	3892
3317	3893
2141	3894
1324	3895
2786	3896
3539	3897
2359	3898
2370	3899
2125	3900
3792	3901
1473	3902
3529	3903
3784	3904
2890	3905
789	3906
2726	3907
3109	3908
3498	3909
2913	3910
3729	3911
2622	3912
628	3913
472	3914
70	3915
447	3916
2636	3917
147	3918
1467	3919
3166	3920
2460	3921
79	3922
1840	3923
484	3924
3738	3925
3441	3926
119	3927
3248	3928
2241	3929
2241	3930
795	3931
1674	3932
591	3933
1656	3934
3031	3935
2880	3936
2275	3937
643	3938
2707	3939
2493	3940
538	3941
2008	3942
2843	3943
444	3944
2051	3945
2598	3946
176	3947
3544	3948
1057	3949
3822	3950
997	3951
1142	3952
3774	3953
1157	3954
2621	3955
3723	3956
540	3957
1719	3958
2725	3959
3582	3960
3759	3961
2953	3962
3645	3963
1325	3964
3792	3965
1529	3966
136	3967
2324	3968
2924	3969
2737	3970
2564	3971
3689	3972
539	3973
539	3974
2080	3975
508	3976
3498	3977
2913	3978
458	3979
628	3980
319	3981
1082	3982
2636	3983
2688	3984
484	3985
2638	3986
901	3987
2360	3988
2241	3989
2241	3990
534	3991
2741	3992
434	3993
1664	3994
2870	3995
3049	3996
3153	3997
3433	3998
2051	3999
1834	4000
3688	4001
1057	4002
1907	4003
379	4004
1633	4005
623	4006
1989	4007
651	4008
3832	4009
824	4010
492	4011
1010	4012
2359	4013
1473	4014
1412	4015
1625	4016
3109	4017
80	4018
1744	4019
447	4020
1601	4021
1601	4022
2636	4023
3185	4024
79	4025
2208	4026
3738	4027
3738	4028
949	4029
2241	4030
2241	4031
2241	4032
2534	4033
1762	4034
2732	4035
1894	4036
1656	4037
123	4038
1806	4039
2006	4040
36	4041
1323	4042
1786	4043
3007	4044
3763	4045
1738	4046
363	4047
3199	4048
2833	4049
1569	4050
2635	4051
1157	4052
2883	4053
1886	4054
785	4055
1179	4056
374	4057
3367	4058
1153	4059
1891	4060
149	4061
3412	4062
183	4063
1473	4064
181	4065
895	4066
1960	4067
1983	4068
2737	4069
66	4070
1238	4071
976	4072
948	4073
646	4074
3120	4075
319	4076
2121	4077
2070	4078
1353	4079
1308	4080
2682	4081
790	4082
3738	4083
3738	4084
436	4085
1154	4086
1066	4087
2867	4088
2241	4089
2241	4090
2241	4091
682	4092
3076	4093
2803	4094
2038	4095
3486	4096
643	4097
2802	4098
2906	4099
2211	4100
3390	4101
1323	4102
3279	4103
3132	4104
204	4105
206	4106
3381	4107
3023	4108
2635	4109
186	4110
115	4111
614	4112
410	4113
1179	4114
1989	4115
1748	4116
2050	4117
67	4118
2125	4119
1473	4120
2467	4121
3068	4122
39	4123
279	4124
279	4125
1845	4126
3282	4127
3498	4128
408	4129
974	4130
2636	4131
2597	4132
3821	4133
781	4134
2460	4135
484	4136
3738	4137
3738	4138
3738	4139
901	4140
2241	4141
2241	4142
2241	4143
2241	4144
2241	4145
2779	4146
1464	4147
3440	4148
1624	4149
1634	4150
2731	4151
1475	4152
1241	4153
1337	4154
3742	4155
3579	4156
2598	4157
3519	4158
2658	4159
1737	4160
997	4161
1776	4162
3325	4163
186	4164
1720	4165
1678	4166
1246	4167
2724	4168
1153	4169
3746	4170
2039	4171
67	4172
2733	4173
3087	4174
181	4175
895	4176
1352	4177
508	4178
1389	4179
75	4180
437	4181
2636	4182
3740	4183
294	4184
602	4185
3738	4186
3738	4187
3738	4188
436	4189
3452	4190
1821	4191
2241	4192
2241	4193
2241	4194
516	4195
1464	4196
777	4197
643	4198
3191	4199
865	4200
865	4201
1806	4202
1772	4203
3665	4204
434	4205
3374	4206
1496	4207
3321	4208
3458	4209
1310	4210
1183	4211
997	4212
1228	4213
2515	4214
2494	4215
2150	4216
149	4217
3788	4218
67	4219
2734	4220
2079	4221
3404	4222
1910	4223
2265	4224
2270	4225
3598	4226
30	4227
1885	4228
2338	4229
3498	4230
737	4231
1974	4232
3676	4233
1773	4234
70	4235
2636	4236
147	4237
2070	4238
2070	4239
529	4240
79	4241
484	4242
3738	4243
1154	4244
2241	4245
2241	4246
2241	4247
2241	4248
2241	4249
2241	4250
54	4251
777	4252
3140	4253
498	4254
537	4255
1152	4256
629	4257
538	4258
677	4259
3049	4260
28	4261
1965	4262
2715	4263
3026	4264
1332	4265
3648	4266
2711	4267
2919	4268
3565	4269
601	4270
383	4271
1053	4272
1720	4273
623	4274
2216	4275
1473	4276
2465	4277
977	4278
1209	4279
1847	4280
604	4281
557	4282
386	4283
809	4284
2637	4285
3280	4286
2914	4287
646	4288
1500	4289
628	4290
147	4291
1403	4292
2122	4293
1831	4294
3738	4295
2430	4296
899	4297
2241	4298
2241	4299
2241	4300
135	4301
1762	4302
2487	4303
591	4304
1767	4305
1768	4306
1051	4307
1475	4308
1695	4309
837	4310
997	4311
2402	4312
2635	4313
115	4314
2494	4315
410	4316
374	4317
58	4318
1505	4319
1153	4320
235	4321
1910	4322
2619	4323
1960	4324
2324	4325
2998	4326
2998	4327
1497	4328
377	4329
407	4330
2217	4331
1975	4332
2726	4333
2338	4334
386	4335
809	4336
2913	4337
308	4338
2636	4339
160	4340
1981	4341
3738	4342
3738	4343
3738	4344
3738	4345
2034	4346
2706	4347
2241	4348
2275	4349
3486	4350
1360	4351
194	4352
253	4353
3049	4354
3742	4355
3648	4356
380	4357
2711	4358
1816	4359
2449	4360
1057	4361
1724	4362
1280	4363
997	4364
2904	4365
2402	4366
735	4367
2635	4368
2964	4369
2507	4370
1633	4371
435	4372
3788	4373
117	4374
2359	4375
887	4376
887	4377
1960	4378
91	4379
728	4380
3109	4381
3498	4382
3498	4383
619	4384
3512	4385
80	4386
21	4387
128	4388
3821	4389
2688	4390
1510	4391
3738	4392
3738	4393
3738	4394
901	4395
3248	4396
2867	4397
2241	4398
2241	4399
2241	4400
2241	4401
2241	4402
2241	4403
2241	4404
156	4405
1618	4406
1618	4407
591	4408
591	4409
537	4410
2732	4411
261	4412
387	4413
469	4414
3779	4415
698	4416
1913	4417
696	4418
3222	4419
3321	4420
3579	4421
1786	4422
2711	4423
3132	4424
68	4425
1985	4426
2635	4427
2635	4428
2635	4429
2789	4430
379	4431
818	4432
541	4433
3582	4434
1153	4435
269	4436
2337	4437
895	4438
1706	4439
192	4440
645	4441
2462	4442
1849	4443
2234	4444
3840	4445
3363	4446
2338	4447
3387	4448
118	4449
675	4450
3676	4451
408	4452
729	4453
2357	4454
424	4455
332	4456
366	4457
2460	4458
484	4459
184	4460
436	4461
2293	4462
1154	4463
1249	4464
1249	4465
2159	4466
2241	4467
135	4468
451	4469
777	4470
2606	4471
3547	4472
1059	4473
1059	4474
3331	4475
1536	4476
3742	4477
2711	4478
2409	4479
2010	4480
1358	4481
567	4482
623	4483
1153	4484
1153	4485
1891	4486
2050	4487
1032	4488
2147	4489
2147	4490
2125	4491
2337	4492
1711	4493
71	4494
604	4495
2083	4496
987	4497
30	4498
1035	4499
893	4500
3282	4501
1638	4502
2497	4503
675	4504
2562	4505
1355	4506
2460	4507
1307	4508
3738	4509
1872	4510
2241	4511
2241	4512
2241	4513
2241	4514
1873	4515
894	4516
3198	4517
643	4518
1806	4519
1357	4520
3817	4521
2860	4522
594	4523
1558	4524
1323	4525
1130	4526
390	4527
2010	4528
1358	4529
142	4530
1279	4531
102	4532
567	4533
1110	4534
1157	4535
3405	4536
2494	4537
785	4538
141	4539
3035	4540
395	4541
633	4542
2201	4543
1473	4544
895	4545
3040	4546
150	4547
2398	4548
2737	4549
2080	4550
2726	4551
3535	4552
458	4553
128	4554
2636	4555
3355	4556
3355	4557
1206	4558
2460	4559
79	4560
3349	4561
3738	4562
1993	4563
2867	4564
1463	4565
2241	4566
2241	4567
2241	4568
2241	4569
2241	4570
2241	4571
2241	4572
2241	4573
1624	4574
777	4575
2260	4576
2260	4577
3198	4578
3143	4579
3486	4580
1806	4581
2741	4582
2745	4583
3331	4584
629	4585
3321	4586
3754	4587
3390	4588
3390	4589
2296	4590
2297	4591
1157	4592
1413	4593
785	4594
313	4595
3584	4596
2953	4597
633	4598
2359	4599
1960	4600
3784	4601
3074	4602
3040	4603
377	4604
990	4605
2890	4606
1661	4607
458	4608
70	4609
2095	4610
2095	4611
2481	4612
445	4613
79	4614
484	4615
3794	4616
2208	4617
3738	4618
2874	4619
3787	4620
668	4621
2631	4622
2241	4623
2241	4624
2241	4625
2241	4626
2241	4627
2241	4628
988	4629
1768	4630
636	4631
1729	4632
434	4633
3002	4634
2656	4635
3000	4636
3231	4637
898	4638
3717	4639
3026	4640
2630	4641
2711	4642
1816	4643
3132	4644
2449	4645
56	4646
206	4647
206	4648
1358	4649
383	4650
2635	4651
2494	4652
1232	4653
785	4654
3827	4655
58	4656
492	4657
662	4658
1153	4659
3788	4660
1473	4661
2337	4662
1766	4663
127	4664
1792	4665
3598	4666
3598	4667
3086	4668
508	4669
2259	4670
2913	4671
2914	4672
2093	4673
1601	4674
270	4675
2167	4676
602	4677
3738	4678
3738	4679
3738	4680
436	4681
901	4682
625	4683
2867	4684
2241	4685
2241	4686
2241	4687
2241	4688
2241	4689
2241	4690
2241	4691
1676	4692
215	4693
1768	4694
1567	4695
817	4696
2493	4697
3321	4698
2711	4699
3628	4700
1576	4701
83	4702
1662	4703
3384	4704
1247	4705
115	4706
718	4707
1044	4708
3827	4709
492	4710
492	4711
2371	4712
847	4713
1190	4714
1960	4715
3784	4716
127	4717
604	4718
987	4719
1441	4720
2080	4721
3598	4722
376	4723
3344	4724
2713	4725
3498	4726
3678	4727
3179	4728
2689	4729
2460	4730
3443	4731
1363	4732
2241	4733
2241	4734
2241	4735
2241	4736
2241	4737
681	4738
800	4739
2200	4740
2678	4741
2206	4742
2731	4743
2100	4744
2861	4745
440	4746
3509	4747
3321	4748
81	4749
2595	4750
115	4751
1439	4752
785	4753
1720	4754
1720	4755
3827	4756
815	4757
282	4758
633	4759
774	4760
1473	4761
407	4762
2080	4763
30	4764
948	4765
3498	4766
672	4767
1435	4768
2914	4769
1007	4770
646	4771
437	4772
2636	4773
685	4774
2674	4775
2597	4776
3166	4777
1353	4778
1173	4779
3588	4780
3738	4781
436	4782
901	4783
3206	4784
796	4785
2241	4786
2241	4787
2241	4788
2241	4789
1624	4790
2099	4791
382	4792
1877	4793
2951	4794
2643	4795
1860	4796
1278	4797
2184	4798
2970	4799
301	4800
3433	4801
1954	4802
2711	4803
193	4804
1781	4805
68	4806
457	4807
2942	4808
1157	4809
3194	4810
1044	4811
2084	4812
3035	4813
1891	4814
2757	4815
2620	4816
67	4817
2216	4818
1473	4819
1587	4820
1193	4821
1187	4822
2217	4823
3498	4824
2179	4825
3179	4826
2460	4827
2460	4828
373	4829
2458	4830
1981	4831
3738	4832
3738	4833
184	4834
625	4835
3836	4836
442	4837
2360	4838
2241	4839
2241	4840
1936	4841
2779	4842
1917	4843
1618	4844
3486	4845
1567	4846
643	4847
2697	4848
629	4849
1378	4850
2285	4851
3246	4852
3095	4853
3048	4854
1816	4855
1057	4856
3473	4857
1358	4858
1633	4859
1720	4860
2109	4861
1032	4862
2734	4863
1473	4864
3133	4865
3133	4866
1960	4867
2421	4868
3401	4869
77	4870
1744	4871
2636	4872
2636	4873
2597	4874
2070	4875
2351	4876
160	4877
1355	4878
1353	4879
484	4880
3738	4881
3738	4882
3738	4883
3738	4884
2111	4885
1154	4886
2241	4887
2241	4888
2241	4889
2241	4890
2241	4891
2241	4892
988	4893
1936	4894
430	4895
3646	4896
2189	4897
3234	4898
3390	4899
3390	4900
2529	4901
1750	4902
2402	4903
2635	4904
2635	4905
1157	4906
785	4907
3827	4908
1669	4909
3275	4910
1400	4911
1748	4912
2050	4913
67	4914
67	4915
2079	4916
2370	4917
2313	4918
3364	4919
39	4920
2737	4921
1024	4922
1407	4923
283	4924
133	4925
2460	4926
1699	4927
484	4928
3738	4929
901	4930
3517	4931
2159	4932
2867	4933
2241	4934
2241	4935
2241	4936
2241	4937
2241	4938
988	4939
2129	4940
3430	4941
1624	4942
777	4943
622	4944
3669	4945
2731	4946
538	4947
3321	4948
2906	4949
2715	4950
3544	4951
3265	4952
997	4953
1157	4954
3384	4955
2633	4956
2011	4957
674	4958
2683	4959
2210	4960
38	4961
2337	4962
189	4963
895	4964
895	4965
3364	4966
3204	4967
66	4968
3598	4969
3109	4970
967	4971
2562	4972
2636	4973
2437	4974
3108	4975
2122	4976
3016	4977
270	4978
2483	4979
899	4980
3673	4981
2867	4982
2241	4983
2241	4984
2241	4985
2241	4986
2241	4987
2241	4988
681	4989
2692	4990
581	4991
2245	4992
3235	4993
3002	4994
538	4995
3374	4996
2207	4997
3321	4998
1332	4999
2296	5000
354	5001
3446	5002
2130	5003
68	5004
997	5005
818	5006
3827	5007
492	5008
2811	5009
2050	5010
205	5011
1026	5012
839	5013
2603	5014
2482	5015
1706	5016
2737	5017
3123	5018
325	5019
3344	5020
2259	5021
2913	5022
151	5023
1220	5024
646	5025
628	5026
2636	5027
2460	5028
79	5029
3738	5030
1154	5031
625	5032
2577	5033
2241	5034
2241	5035
2241	5036
2241	5037
2241	5038
2241	5039
3596	5040
894	5041
1767	5042
1360	5043
1360	5044
1475	5045
2861	5046
253	5047
2244	5048
1105	5049
3742	5050
383	5051
552	5052
2635	5053
1157	5054
1633	5055
1998	5056
1833	5057
2708	5058
3788	5059
67	5060
2329	5061
2080	5062
672	5063
3094	5064
2914	5065
628	5066
2562	5067
70	5068
1453	5069
368	5070
2095	5071
2636	5072
445	5073
2682	5074
3738	5075
3738	5076
625	5077
1002	5078
1249	5079
442	5080
3501	5081
2241	5082
2241	5083
1942	5084
2487	5085
2311	5086
1567	5087
406	5088
1806	5089
371	5090
3458	5091
3026	5092
3650	5093
3279	5094
3132	5095
873	5096
2089	5097
997	5098
102	5099
981	5100
1753	5101
3384	5102
1045	5103
641	5104
3317	5105
1300	5106
2737	5107
3757	5108
3396	5109
976	5110
3121	5111
3167	5112
2338	5113
74	5114
437	5115
2636	5116
160	5117
3179	5118
2460	5119
602	5120
2877	5121
3738	5122
3738	5123
999	5124
978	5125
2577	5126
1003	5127
2241	5128
2241	5129
2241	5130
2241	5131
2241	5132
2241	5133
2241	5134
2241	5135
2241	5136
795	5137
1936	5138
451	5139
2707	5140
1357	5141
2870	5142
2843	5143
2372	5144
204	5145
206	5146
379	5147
115	5148
541	5149
597	5150
303	5151
1748	5152
1488	5153
633	5154
2712	5155
774	5156
1473	5157
2990	5158
124	5159
2699	5160
145	5161
2454	5162
2080	5163
3598	5164
809	5165
2913	5166
2913	5167
3830	5168
510	5169
70	5170
2636	5171
2460	5172
79	5173
1840	5174
602	5175
2483	5176
3738	5177
3738	5178
3738	5179
901	5180
2864	5181
2241	5182
2241	5183
2241	5184
988	5185
2126	5186
643	5187
1278	5188
3242	5189
434	5190
1526	5191
3321	5192
1623	5193
168	5194
2788	5195
206	5196
206	5197
129	5198
2402	5199
3613	5200
2605	5201
379	5202
541	5203
3317	5204
116	5205
1032	5206
67	5207
304	5208
2750	5209
2944	5210
803	5211
2265	5212
2608	5213
2637	5214
361	5215
646	5216
1404	5217
2070	5218
1355	5219
1353	5220
1353	5221
3738	5222
2241	5223
2241	5224
2241	5225
644	5226
816	5227
1877	5228
2126	5229
3775	5230
2592	5231
3180	5232
1623	5233
916	5234
2010	5235
1280	5236
2635	5237
1893	5238
1153	5239
2337	5240
861	5241
1960	5242
3762	5243
1625	5244
1704	5245
3691	5246
3159	5247
1458	5248
1353	5249
2460	5250
1308	5251
3738	5252
436	5253
2430	5254
2241	5255
3200	5256
2487	5257
1218	5258
1159	5259
1526	5260
2429	5261
740	5262
2711	5263
2711	5264
29	5265
806	5266
68	5267
68	5268
2684	5269
383	5270
567	5271
2792	5272
2441	5273
2786	5274
2953	5275
358	5276
1525	5277
67	5278
67	5279
2359	5280
1473	5281
1473	5282
3040	5283
2737	5284
407	5285
2338	5286
1848	5287
3738	5288
1277	5289
901	5290
1513	5291
1249	5292
2867	5293
2241	5294
2241	5295
2241	5296
2241	5297
2241	5298
795	5299
33	5300
2487	5301
2272	5302
2880	5303
1059	5304
2184	5305
3321	5306
2634	5307
385	5308
2509	5309
2452	5310
2584	5311
1962	5312
3020	5313
67	5314
2804	5315
1473	5316
3733	5317
2341	5318
2080	5319
2913	5320
2972	5321
2710	5322
2053	5323
2095	5324
2597	5325
270	5326
3738	5327
3738	5328
436	5329
436	5330
1694	5331
1249	5332
1249	5333
2159	5334
2241	5335
2241	5336
2241	5337
2241	5338
3297	5339
1624	5340
894	5341
418	5342
2100	5343
2526	5344
3321	5345
898	5346
814	5347
1323	5348
1474	5349
637	5350
721	5351
3475	5352
115	5353
2084	5354
815	5355
3054	5356
404	5357
1692	5358
3364	5359
2893	5360
645	5361
1909	5362
46	5363
628	5364
2095	5365
1846	5366
2588	5367
3179	5368
484	5369
484	5370
3738	5371
3738	5372
3738	5373
436	5374
436	5375
2111	5376
901	5377
791	5378
432	5379
432	5380
2867	5381
2241	5382
252	5383
1360	5384
2390	5385
2696	5386
3607	5387
341	5388
538	5389
1810	5390
2279	5391
3648	5392
3132	5393
2449	5394
2343	5395
2306	5396
1955	5397
2833	5398
2635	5399
2635	5400
3126	5401
1989	5402
2174	5403
1505	5404
504	5405
2786	5406
2708	5407
3788	5408
67	5409
1473	5410
3311	5411
2337	5412
3567	5413
91	5414
2080	5415
3094	5416
1744	5417
646	5418
447	5419
212	5420
603	5421
2636	5422
2070	5423
484	5424
484	5425
3738	5426
3738	5427
3738	5428
901	5429
3260	5430
3248	5431
2867	5432
2241	5433
2241	5434
2241	5435
2241	5436
2241	5437
2487	5438
25	5439
2531	5440
1089	5441
3390	5442
1632	5443
2010	5444
3599	5445
1720	5446
1989	5447
2370	5448
1473	5449
895	5450
2389	5451
91	5452
3060	5453
1229	5454
1895	5455
2460	5456
2460	5457
2412	5458
484	5459
2208	5460
3738	5461
3738	5462
3738	5463
3738	5464
436	5465
899	5466
2241	5467
2241	5468
2241	5469
795	5470
135	5471
498	5472
591	5473
1656	5474
1360	5475
194	5476
434	5477
3002	5478
696	5479
3648	5480
721	5481
448	5482
2205	5483
997	5484
1034	5485
396	5486
2378	5487
540	5488
2494	5489
1525	5490
2018	5491
2737	5492
976	5493
1035	5494
2338	5495
308	5496
2561	5497
445	5498
133	5499
1330	5500
3738	5501
3738	5502
339	5503
2241	5504
2241	5505
2487	5506
2487	5507
2078	5508
2260	5509
3354	5510
3669	5511
2098	5512
1806	5513
434	5514
3670	5515
3321	5516
3052	5517
1597	5518
2711	5519
3763	5520
1127	5521
2223	5522
1985	5523
1358	5524
2362	5525
785	5526
2079	5527
2712	5528
38	5529
3364	5530
2482	5531
1209	5532
109	5533
52	5534
672	5535
2636	5536
2636	5537
2636	5538
427	5539
3738	5540
3738	5541
1154	5542
2400	5543
223	5544
2867	5545
442	5546
2241	5547
1936	5548
3706	5549
956	5550
1656	5551
2206	5552
719	5553
3049	5554
277	5555
2836	5556
2520	5557
2263	5558
1654	5559
3279	5560
2770	5561
2296	5562
735	5563
3381	5564
1157	5565
623	5566
3111	5567
1153	5568
2978	5569
3317	5570
1833	5571
307	5572
1383	5573
2324	5574
738	5575
2983	5576
3598	5577
619	5578
672	5579
2830	5580
974	5581
2070	5582
2070	5583
178	5584
1458	5585
1353	5586
1579	5587
1579	5588
1154	5589
3452	5590
3400	5591
2241	5592
2241	5593
2241	5594
2241	5595
2241	5596
2241	5597
2241	5598
2241	5599
420	5600
556	5601
777	5602
2126	5603
356	5604
113	5605
2275	5606
2206	5607
2767	5608
3049	5609
3321	5610
3557	5611
2711	5612
1816	5613
1348	5614
1074	5615
2635	5616
186	5617
410	5618
155	5619
3046	5620
2125	5621
3792	5622
2344	5623
66	5624
789	5625
809	5626
3419	5627
1661	5628
1601	5629
2636	5630
2636	5631
1573	5632
2460	5633
3738	5634
3738	5635
3738	5636
1463	5637
1003	5638
502	5639
1767	5640
261	5641
3486	5642
3486	5643
1399	5644
3509	5645
1046	5646
157	5647
1105	5648
3688	5649
2449	5650
2419	5651
997	5652
2635	5653
464	5654
115	5655
3530	5656
3317	5657
1476	5658
1473	5659
265	5660
2337	5661
458	5662
357	5663
134	5664
2636	5665
1016	5666
3355	5667
1353	5668
3738	5669
2241	5670
2241	5671
1877	5672
2126	5673
3231	5674
794	5675
3648	5676
2658	5677
687	5678
3822	5679
1358	5680
2771	5681
2904	5682
3599	5683
1349	5684
3332	5685
540	5686
115	5687
1633	5688
712	5689
623	5690
3827	5691
3020	5692
2050	5693
912	5694
2080	5695
948	5696
967	5697
1031	5698
2743	5699
3821	5700
2819	5701
2936	5702
2412	5703
2241	5704
2241	5705
2241	5706
2241	5707
2241	5708
520	5709
681	5710
777	5711
777	5712
261	5713
2275	5714
865	5715
2015	5716
1278	5717
2184	5718
3670	5719
2387	5720
3026	5721
3390	5722
3390	5723
3648	5724
923	5725
2635	5726
1633	5727
2141	5728
1833	5729
2125	5730
1473	5731
235	5732
84	5733
2742	5734
3498	5735
77	5736
646	5737
2993	5738
3179	5739
2460	5740
436	5741
625	5742
668	5743
2241	5744
2241	5745
795	5746
2487	5747
3546	5748
2309	5749
2312	5750
2343	5751
1962	5752
3473	5753
2808	5754
1157	5755
379	5756
2359	5757
793	5758
2337	5759
2337	5760
3040	5761
3757	5762
893	5763
2679	5764
2713	5765
508	5766
3211	5767
2636	5768
399	5769
2460	5770
3349	5771
3738	5772
949	5773
2159	5774
2867	5775
2241	5776
2241	5777
2241	5778
2241	5779
2189	5780
3031	5781
3607	5782
114	5783
989	5784
2387	5785
1259	5786
129	5787
383	5788
3384	5789
115	5790
2668	5791
623	5792
2336	5793
815	5794
1153	5795
2450	5796
239	5797
2080	5798
3598	5799
3795	5800
3121	5801
2214	5802
1704	5803
2913	5804
2913	5805
1208	5806
1788	5807
2597	5808
1370	5809
1707	5810
1602	5811
1277	5812
625	5813
1829	5814
1333	5815
779	5816
2241	5817
2241	5818
2241	5819
2241	5820
1614	5821
1624	5822
777	5823
2487	5824
591	5825
121	5826
2741	5827
1340	5828
3509	5829
3052	5830
3184	5831
3390	5832
638	5833
2904	5834
2402	5835
2494	5836
2670	5837
3827	5838
1153	5839
1525	5840
2804	5841
12	5842
136	5843
1187	5844
2949	5845
192	5846
3228	5847
1453	5848
1846	5849
437	5850
128	5851
2636	5852
366	5853
484	5854
484	5855
3738	5856
901	5857
625	5858
442	5859
2241	5860
2241	5861
2241	5862
2241	5863
2241	5864
2487	5865
2861	5866
673	5867
3026	5868
1786	5869
2770	5870
2711	5871
961	5872
969	5873
671	5874
1157	5875
3384	5876
598	5877
1720	5878
155	5879
3827	5880
3788	5881
1881	5882
3668	5883
1692	5884
279	5885
645	5886
893	5887
458	5888
1465	5889
2562	5890
974	5891
1204	5892
3009	5893
79	5894
1864	5895
3738	5896
3738	5897
3738	5898
436	5899
242	5900
2360	5901
2241	5902
2241	5903
2241	5904
387	5905
3486	5906
1806	5907
2707	5908
629	5909
883	5910
2148	5911
2519	5912
2402	5913
1633	5914
2733	5915
3391	5916
747	5917
584	5918
2913	5919
199	5920
1204	5921
2095	5922
49	5923
524	5924
3738	5925
3738	5926
3738	5927
2430	5928
901	5929
1249	5930
2241	5931
2241	5932
2241	5933
1710	5934
430	5935
135	5936
33	5937
777	5938
2487	5939
1059	5940
1135	5941
3390	5942
1323	5943
56	5944
2076	5945
3827	5946
846	5947
1692	5948
2389	5949
539	5950
3598	5951
3030	5952
64	5953
3738	5954
184	5955
436	5956
901	5957
625	5958
1248	5959
2867	5960
3161	5961
2241	5962
2241	5963
2241	5964
2241	5965
1936	5966
1936	5967
1464	5968
681	5969
777	5970
2677	5971
3526	5972
538	5973
1378	5974
2686	5975
2979	5976
3290	5977
2635	5978
1748	5979
3263	5980
2147	5981
1473	5982
1960	5983
3585	5984
127	5985
645	5986
2080	5987
3498	5988
361	5989
2892	5990
2636	5991
2636	5992
373	5993
484	5994
901	5995
1513	5996
3400	5997
2241	5998
2241	5999
2241	6000
2241	6001
2241	6002
2241	6003
516	6004
643	6005
788	6006
3546	6007
3546	6008
2100	6009
1357	6010
253	6011
1560	6012
1623	6013
3390	6014
3648	6015
1816	6016
2658	6017
3132	6018
3479	6019
3384	6020
3592	6021
3603	6022
2337	6023
2069	6024
3498	6025
2562	6026
70	6027
2650	6028
3179	6029
2414	6030
2241	6031
2241	6032
2241	6033
451	6034
1618	6035
1240	6036
591	6037
387	6038
538	6039
3231	6040
3752	6041
2711	6042
3048	6043
1962	6044
1750	6045
3822	6046
3599	6047
567	6048
2635	6049
3716	6050
3307	6051
131	6052
1006	6053
1633	6054
623	6055
1431	6056
2141	6057
531	6058
2990	6059
3137	6060
2983	6061
3040	6062
3598	6063
386	6064
2848	6065
1601	6066
3485	6067
3738	6068
1154	6069
901	6070
1463	6071
894	6072
3331	6073
3002	6074
3002	6075
2872	6076
2368	6077
1332	6078
2010	6079
56	6080
206	6081
2635	6082
598	6083
1720	6084
879	6085
2422	6086
912	6087
2804	6088
2147	6089
2125	6090
1473	6091
1473	6092
2389	6093
2998	6094
1685	6095
3295	6096
2080	6097
3598	6098
1973	6099
893	6100
2913	6101
437	6102
3821	6103
2070	6104
3738	6105
1821	6106
2867	6107
2241	6108
644	6109
2126	6110
441	6111
3772	6112
3321	6113
3631	6114
3763	6115
1750	6116
997	6117
3599	6118
567	6119
2635	6120
1157	6121
1157	6122
1153	6123
1153	6124
3020	6125
3494	6126
1473	6127
62	6128
2737	6129
645	6130
2080	6131
3598	6132
3598	6133
672	6134
2914	6135
628	6136
787	6137
1796	6138
852	6139
2636	6140
2460	6141
2412	6142
2661	6143
484	6144
1154	6145
901	6146
2241	6147
2779	6148
1917	6149
1765	6150
1623	6151
385	6152
2715	6153
2919	6154
3508	6155
56	6156
2820	6157
1157	6158
3384	6159
3569	6160
674	6161
3792	6162
2619	6163
1959	6164
2998	6165
2069	6166
2737	6167
1973	6168
1079	6169
2913	6170
2636	6171
2636	6172
2636	6173
2597	6174
2070	6175
1211	6176
3166	6177
3738	6178
3738	6179
901	6180
2241	6181
451	6182
684	6183
777	6184
1317	6185
1360	6186
643	6187
1772	6188
3547	6189
2962	6190
2658	6191
1233	6192
637	6193
3544	6194
1260	6195
959	6196
2904	6197
1157	6198
2494	6199
626	6200
1720	6201
3827	6202
492	6203
1153	6204
3317	6205
2708	6206
67	6207
67	6208
2619	6209
2337	6210
850	6211
1151	6212
967	6213
70	6214
2580	6215
128	6216
2674	6217
49	6218
1353	6219
2460	6220
2778	6221
484	6222
3738	6223
1154	6224
625	6225
2138	6226
2241	6227
2241	6228
2241	6229
2241	6230
682	6231
1762	6232
2487	6233
622	6234
2126	6235
1767	6236
1767	6237
3669	6238
3669	6239
1360	6240
643	6241
2315	6242
3002	6243
3002	6244
1378	6245
3321	6246
3321	6247
1241	6248
2399	6249
81	6250
3508	6251
3473	6252
2635	6253
985	6254
1893	6255
3384	6256
1351	6257
2359	6258
2338	6259
2785	6260
2009	6261
2173	6262
3682	6263
2481	6264
2070	6265
1315	6266
3738	6267
184	6268
2400	6269
901	6270
2360	6271
2241	6272
2241	6273
3430	6274
1464	6275
2266	6276
1624	6277
1461	6278
387	6279
955	6280
1806	6281
1806	6282
3665	6283
434	6284
3374	6285
2715	6286
1632	6287
3132	6288
567	6289
2308	6290
1719	6291
2494	6292
548	6293
1044	6294
1998	6295
3569	6296
3395	6297
2050	6298
67	6299
2187	6300
2337	6301
2337	6302
1813	6303
46	6304
2095	6305
2070	6306
2070	6307
840	6308
2360	6309
2241	6310
2241	6311
2241	6312
2241	6313
2241	6314
2779	6315
261	6316
2390	6317
3331	6318
2836	6319
3579	6320
731	6321
2669	6322
950	6323
567	6324
623	6325
3548	6326
2125	6327
2080	6328
3498	6329
70	6330
70	6331
2892	6332
2070	6333
3738	6334
1363	6335
2867	6336
2360	6337
2241	6338
2241	6339
2241	6340
2241	6341
777	6342
1061	6343
622	6344
894	6345
2231	6346
387	6347
1360	6348
882	6349
1357	6350
3000	6351
3321	6352
3433	6353
2711	6354
206	6355
2635	6356
2635	6357
699	6358
3827	6359
662	6360
1265	6361
774	6362
1982	6363
127	6364
3040	6365
192	6366
3250	6367
408	6368
47	6369
3745	6370
270	6371
1579	6372
3738	6373
3272	6374
2967	6375
1015	6376
2241	6377
2241	6378
2241	6379
2241	6380
2241	6381
481	6382
3772	6383
702	6384
2519	6385
3099	6386
3279	6387
923	6388
3688	6389
2010	6390
206	6391
997	6392
2635	6393
115	6394
785	6395
1720	6396
3496	6397
1153	6398
67	6399
608	6400
2014	6401
2080	6402
584	6403
672	6404
2332	6405
1423	6406
2096	6407
2743	6408
466	6409
2483	6410
2414	6411
901	6412
1249	6413
2241	6414
2241	6415
2241	6416
556	6417
3297	6418
1556	6419
1278	6420
434	6421
3049	6422
3049	6423
594	6424
601	6425
1372	6426
148	6427
1719	6428
1153	6429
1153	6430
2963	6431
995	6432
67	6433
2337	6434
1412	6435
2095	6436
2636	6437
1211	6438
2460	6439
1981	6440
2867	6441
2241	6442
2241	6443
2241	6444
2241	6445
2241	6446
490	6447
1464	6448
2078	6449
998	6450
894	6451
1580	6452
1817	6453
3752	6454
3279	6455
3132	6456
1658	6457
1719	6458
3287	6459
3020	6460
645	6461
377	6462
3372	6463
2913	6464
1744	6465
974	6466
128	6467
2636	6468
3179	6469
466	6470
1981	6471
3738	6472
3309	6473
2241	6474
2241	6475
2241	6476
2779	6477
1624	6478
591	6479
643	6480
3049	6481
3321	6482
385	6483
3468	6484
1633	6485
1633	6486
578	6487
3827	6488
3827	6489
3827	6490
1032	6491
1473	6492
136	6493
3604	6494
3498	6495
2491	6496
1773	6497
408	6498
1204	6499
3047	6500
1458	6501
359	6502
3166	6503
1895	6504
3238	6505
484	6506
3738	6507
3738	6508
834	6509
3452	6510
901	6511
901	6512
2241	6513
1780	6514
2487	6515
894	6516
3049	6517
2847	6518
2634	6519
1191	6520
396	6521
2635	6522
2635	6523
2635	6524
1633	6525
2161	6526
1153	6527
1141	6528
91	6529
1151	6530
3598	6531
3795	6532
3344	6533
508	6534
3797	6535
414	6536
2710	6537
128	6538
2743	6539
2597	6540
2070	6541
1299	6542
1353	6543
3701	6544
1682	6545
3738	6546
901	6547
2241	6548
2241	6549
2241	6550
2241	6551
1936	6552
161	6553
3083	6554
1595	6555
3486	6556
1807	6557
3026	6558
3390	6559
3637	6560
2904	6561
567	6562
2635	6563
1930	6564
623	6565
3317	6566
756	6567
1473	6568
1692	6569
1412	6570
39	6571
3598	6572
3799	6573
1796	6574
408	6575
974	6576
2070	6577
484	6578
2483	6579
3738	6580
3738	6581
436	6582
2241	6583
894	6584
1062	6585
1105	6586
3132	6587
2512	6588
683	6589
3507	6590
3125	6591
3381	6592
1349	6593
3155	6594
540	6595
818	6596
2494	6597
662	6598
3317	6599
3559	6600
2147	6601
2482	6602
279	6603
80	6604
79	6605
484	6606
3738	6607
3738	6608
442	6609
2241	6610
1806	6611
1806	6612
3331	6613
2184	6614
3049	6615
3712	6616
3579	6617
3829	6618
2787	6619
1839	6620
1006	6621
1633	6622
548	6623
623	6624
2978	6625
2708	6626
67	6627
2125	6628
3741	6629
604	6630
2080	6631
2217	6632
357	6633
646	6634
646	6635
477	6636
3355	6637
3166	6638
466	6639
3738	6640
3738	6641
2241	6642
2241	6643
832	6644
1360	6645
3780	6646
1475	6647
3648	6648
3271	6649
2238	6650
115	6651
674	6652
3364	6653
557	6654
862	6655
755	6656
3159	6657
2636	6658
679	6659
1276	6660
602	6661
3738	6662
3738	6663
3738	6664
901	6665
2241	6666
2241	6667
516	6668
3276	6669
681	6670
1767	6671
1894	6672
2355	6673
3486	6674
1360	6675
253	6676
1378	6677
1378	6678
2843	6679
372	6680
3579	6681
2274	6682
1866	6683
2449	6684
3428	6685
193	6686
959	6687
2635	6688
94	6689
1748	6690
633	6691
1473	6692
595	6693
16	6694
2737	6695
30	6696
2914	6697
458	6698
2689	6699
3738	6700
2241	6701
2241	6702
2779	6703
1061	6704
2189	6705
1819	6706
1360	6707
636	6708
1475	6709
2658	6710
2010	6711
1962	6712
206	6713
3774	6714
115	6715
548	6716
1473	6717
2912	6718
3498	6719
3063	6720
1465	6721
403	6722
294	6723
3738	6724
3338	6725
2241	6726
777	6727
1768	6728
2184	6729
2861	6730
2870	6731
3321	6732
1468	6733
2658	6734
3753	6735
2816	6736
1358	6737
1157	6738
1153	6739
435	6740
2734	6741
2359	6742
1473	6743
1209	6744
893	6745
2830	6746
2070	6747
1840	6748
3738	6749
782	6750
2241	6751
2241	6752
2241	6753
2241	6754
2241	6755
2038	6756
1806	6757
1772	6758
3242	6759
2037	6760
2635	6761
1157	6762
1232	6763
3111	6764
1505	6765
149	6766
67	6767
2370	6768
1473	6769
1026	6770
2337	6771
645	6772
3598	6773
1434	6774
74	6775
2637	6776
2636	6777
1211	6778
445	6779
3738	6780
3738	6781
3738	6782
2400	6783
1356	6784
1011	6785
2241	6786
2241	6787
2241	6788
1624	6789
2487	6790
382	6791
261	6792
3669	6793
2697	6794
2148	6795
1623	6796
1503	6797
3390	6798
3507	6799
1662	6800
115	6801
623	6802
3827	6803
1505	6804
1153	6805
3788	6806
2147	6807
136	6808
987	6809
2972	6810
437	6811
2650	6812
2070	6813
2460	6814
436	6815
1463	6816
2241	6817
2241	6818
2241	6819
1624	6820
3486	6821
538	6822
1954	6823
810	6824
638	6825
2312	6826
623	6827
1044	6828
1197	6829
2188	6830
3580	6831
3209	6832
672	6833
672	6834
1435	6835
1888	6836
75	6837
3021	6838
3819	6839
381	6840
1299	6841
3738	6842
1154	6843
1787	6844
1463	6845
2241	6846
894	6847
2126	6848
371	6849
1417	6850
380	6851
204	6852
1726	6853
1157	6854
3194	6855
3827	6856
2734	6857
2359	6858
1141	6859
1588	6860
70	6861
974	6862
2070	6863
2070	6864
602	6865
2867	6866
2241	6867
2326	6868
2275	6869
1378	6870
3321	6871
794	6872
1816	6873
2010	6874
1955	6875
2635	6876
2635	6877
1309	6878
410	6879
623	6880
623	6881
2147	6882
189	6883
407	6884
3598	6885
2071	6886
1764	6887
2913	6888
3777	6889
646	6890
2636	6891
2682	6892
2400	6893
999	6894
2241	6895
2241	6896
3706	6897
1772	6898
36	6899
3321	6900
57	6901
3433	6902
3752	6903
2711	6904
1814	6905
3475	6906
2833	6907
3613	6908
2792	6909
2709	6910
1748	6911
67	6912
760	6913
987	6914
3344	6915
2437	6916
3185	6917
2483	6918
625	6919
3248	6920
2241	6921
2241	6922
511	6923
2487	6924
3486	6925
2648	6926
1772	6927
776	6928
1475	6929
1357	6930
1191	6931
1474	6932
241	6933
1233	6934
2684	6935
900	6936
2635	6937
2635	6938
2635	6939
3307	6940
1157	6941
2222	6942
304	6943
3484	6944
1473	6945
3556	6946
2276	6947
1099	6948
192	6949
645	6950
628	6951
1601	6952
2070	6953
79	6954
3504	6955
484	6956
3738	6957
3738	6958
796	6959
2241	6960
481	6961
2099	6962
788	6963
3049	6964
997	6965
1279	6966
2820	6967
3381	6968
2635	6969
3317	6970
633	6971
2125	6972
145	6973
2454	6974
645	6975
3598	6976
809	6977
672	6978
1812	6979
445	6980
625	6981
2241	6982
2241	6983
2241	6984
1464	6985
2487	6986
356	6987
3486	6988
1806	6989
3261	6990
3579	6991
3008	6992
1786	6993
1358	6994
396	6995
102	6996
2107	6997
1157	6998
818	6999
1044	7000
2939	7001
2359	7002
2125	7003
3558	7004
1692	7005
1193	7006
1845	7007
604	7008
1812	7009
974	7010
1404	7011
1370	7012
3738	7013
184	7014
436	7015
2867	7016
2241	7017
2241	7018
2241	7019
2126	7020
1357	7021
2373	7022
3648	7023
1074	7024
1962	7025
3633	7026
2904	7027
1633	7028
548	7029
3827	7030
2359	7031
2147	7032
136	7033
66	7034
407	7035
987	7036
3598	7037
325	7038
3498	7039
2259	7040
1204	7041
1579	7042
3041	7043
3738	7044
2241	7045
2241	7046
2779	7047
599	7048
2126	7049
3486	7050
3242	7051
2870	7052
3321	7053
34	7054
1952	7055
997	7056
707	7057
2161	7058
67	7059
37	7060
3784	7061
3845	7062
386	7063
2035	7064
80	7065
2562	7066
1458	7067
484	7068
484	7069
2208	7070
3738	7071
436	7072
2241	7073
2241	7074
320	7075
622	7076
1357	7077
1357	7078
3145	7079
1348	7080
2599	7081
1122	7082
1279	7083
82	7084
286	7085
2210	7086
789	7087
3447	7088
2784	7089
2636	7090
1037	7091
49	7092
445	7093
484	7094
180	7095
1624	7096
3546	7097
1278	7098
3321	7099
898	7100
232	7101
385	7102
2274	7103
1479	7104
1750	7105
383	7106
1087	7107
2635	7108
2939	7109
2359	7110
2270	7111
2014	7112
3344	7113
2913	7114
458	7115
455	7116
1767	7117
3031	7118
159	7119
1623	7120
232	7121
3390	7122
3048	7123
2887	7124
56	7125
363	7126
3599	7127
2635	7128
3384	7129
2786	7130
2080	7131
3598	7132
2423	7133
3498	7134
80	7135
2913	7136
675	7137
70	7138
49	7139
399	7140
484	7141
436	7142
2430	7143
625	7144
2867	7145
2241	7146
2241	7147
2241	7148
894	7149
2667	7150
1462	7151
3049	7152
2711	7153
2107	7154
3182	7155
846	7156
3645	7157
1473	7158
1506	7159
2737	7160
645	7161
377	7162
1863	7163
1754	7164
2080	7165
1875	7166
1091	7167
2481	7168
1403	7169
1570	7170
3738	7171
3673	7172
1486	7173
341	7174
892	7175
742	7176
2711	7177
997	7178
3351	7179
102	7180
2107	7181
2635	7182
1157	7183
428	7184
1921	7185
2733	7186
2823	7187
407	7188
928	7189
70	7190
1601	7191
2636	7192
144	7193
1811	7194
442	7195
3501	7196
2241	7197
2241	7198
2241	7199
2241	7200
2189	7201
956	7202
1843	7203
3049	7204
3403	7205
3812	7206
2658	7207
1358	7208
959	7209
2635	7210
2635	7211
3808	7212
1505	7213
2734	7214
2712	7215
3733	7216
3598	7217
973	7218
2914	7219
1469	7220
1469	7221
1601	7222
974	7223
399	7224
294	7225
3738	7226
3738	7227
2241	7228
2241	7229
2241	7230
2241	7231
777	7232
894	7233
2275	7234
1660	7235
3321	7236
3433	7237
720	7238
2449	7239
2343	7240
3384	7241
115	7242
115	7243
1720	7244
362	7245
1748	7246
645	7247
2080	7248
361	7249
458	7250
2562	7251
1453	7252
603	7253
366	7254
3738	7255
1154	7256
2360	7257
2241	7258
2241	7259
2241	7260
2241	7261
2690	7262
1475	7263
538	7264
1202	7265
898	7266
2711	7267
1816	7268
3132	7269
206	7270
1985	7271
2635	7272
379	7273
492	7274
1748	7275
3788	7276
3133	7277
3364	7278
127	7279
437	7280
2070	7281
2122	7282
1895	7283
3738	7284
219	7285
1359	7286
2241	7287
2241	7288
1936	7289
481	7290
1464	7291
3198	7292
2861	7293
3049	7294
3742	7295
2372	7296
3390	7297
2711	7298
1816	7299
601	7300
2635	7301
1617	7302
633	7303
774	7304
2359	7305
2337	7306
895	7307
1959	7308
3359	7309
2214	7310
393	7311
672	7312
357	7313
3120	7314
70	7315
2095	7316
294	7317
484	7318
3738	7319
3738	7320
1002	7321
1936	7322
932	7323
998	7324
1767	7325
1583	7326
2024	7327
3772	7328
2870	7329
3027	7330
892	7331
3390	7332
1057	7333
206	7334
2771	7335
3599	7336
2635	7337
1157	7338
1889	7339
155	7340
2842	7341
3741	7342
2726	7343
1469	7344
2460	7345
278	7346
3738	7347
69	7348
2360	7349
2241	7350
2241	7351
2241	7352
2241	7353
356	7354
418	7355
538	7356
3132	7357
2258	7358
2807	7359
2684	7360
2091	7361
1720	7362
815	7363
1383	7364
2990	7365
2944	7366
620	7367
84	7368
1296	7369
789	7370
672	7371
1601	7372
3561	7373
437	7374
2437	7375
679	7376
2070	7377
2688	7378
79	7379
527	7380
3511	7381
3738	7382
625	7383
1040	7384
2241	7385
3354	7386
3242	7387
1580	7388
3509	7389
1884	7390
3226	7391
892	7392
3648	7393
380	7394
959	7395
2635	7396
2635	7397
3114	7398
480	7399
1157	7400
953	7401
674	7402
2359	7403
183	7404
1473	7405
2292	7406
1590	7407
3040	7408
2080	7409
177	7410
2914	7411
646	7412
2636	7413
147	7414
49	7415
2400	7416
2342	7417
2747	7418
2241	7419
2241	7420
2241	7421
3098	7422
777	7423
2126	7424
3486	7425
2945	7426
3390	7427
638	7428
2635	7429
115	7430
2161	7431
3106	7432
1156	7433
413	7434
3295	7435
2080	7436
3396	7437
2095	7438
128	7439
49	7440
436	7441
901	7442
1002	7443
2241	7444
2241	7445
2241	7446
2241	7447
1936	7448
2206	7449
1278	7450
1357	7451
1046	7452
1468	7453
460	7454
3279	7455
1816	7456
1348	7457
3428	7458
3381	7459
115	7460
2359	7461
1209	7462
645	7463
976	7464
151	7465
437	7466
2968	7467
41	7468
2241	7469
2241	7470
3596	7471
1464	7472
894	7473
643	7474
2884	7475
3546	7476
2118	7477
3049	7478
1919	7479
3052	7480
3474	7481
3048	7482
1814	7483
1358	7484
997	7485
2635	7486
115	7487
1473	7488
3521	7489
2603	7490
407	7491
2217	7492
2636	7493
2241	7494
865	7495
1357	7496
3000	7497
1	7498
380	7499
2956	7500
2711	7501
1657	7502
2010	7503
2635	7504
2635	7505
1153	7506
67	7507
977	7508
3598	7509
3498	7510
2913	7511
2913	7512
2913	7513
2710	7514
1812	7515
1403	7516
3366	7517
3738	7518
1154	7519
2241	7520
1464	7521
1995	7522
1462	7523
1475	7524
1695	7525
1310	7526
740	7527
892	7528
2373	7529
421	7530
3132	7531
997	7532
280	7533
785	7534
2337	7535
2029	7536
2914	7537
2636	7538
2636	7539
3745	7540
1730	7541
2164	7542
1353	7543
3738	7544
500	7545
2241	7546
2487	7547
894	7548
894	7549
2951	7550
1992	7551
3321	7552
701	7553
3806	7554
1962	7555
1057	7556
2599	7557
1978	7558
353	7559
2944	7560
279	7561
3733	7562
767	7563
80	7564
2743	7565
2070	7566
49	7567
3738	7568
1154	7569
438	7570
2241	7571
2241	7572
549	7573
2126	7574
2643	7575
2531	7576
2584	7577
3446	7578
3251	7579
2635	7580
2635	7581
1748	7582
136	7583
789	7584
1079	7585
809	7586
675	7587
3015	7588
1469	7589
2636	7590
2535	7591
1355	7592
3738	7593
625	7594
1249	7595
2241	7596
2241	7597
2241	7598
1464	7599
2897	7600
591	7601
1583	7602
3321	7603
157	7604
2402	7605
379	7606
3020	7607
2953	7608
645	7609
1035	7610
2095	7611
3179	7612
133	7613
270	7614
1531	7615
2360	7616
2241	7617
2241	7618
2241	7619
2241	7620
1464	7621
382	7622
2126	7623
719	7624
636	7625
652	7626
3390	7627
3648	7628
2635	7629
1751	7630
155	7631
3035	7632
82	7633
3629	7634
1473	7635
539	7636
2214	7637
1616	7638
3211	7639
967	7640
646	7641
447	7642
1353	7643
2460	7644
1787	7645
3760	7646
2241	7647
2241	7648
2241	7649
2241	7650
2189	7651
2162	7652
1041	7653
662	7654
67	7655
2359	7656
3364	7657
3282	7658
2968	7659
1172	7660
389	7661
3049	7662
3321	7663
2634	7664
1474	7665
380	7666
2938	7667
2635	7668
3384	7669
3661	7670
1079	7671
74	7672
2913	7673
1469	7674
676	7675
49	7676
3166	7677
1774	7678
527	7679
484	7680
2797	7681
2215	7682
528	7683
2241	7684
2241	7685
1624	7686
3296	7687
1767	7688
1526	7689
2821	7690
3433	7691
1952	7692
2635	7693
2378	7694
115	7695
623	7696
633	7697
1805	7698
1473	7699
127	7700
584	7701
447	7702
1299	7703
2460	7704
2241	7705
2241	7706
1762	7707
1804	7708
1772	7709
232	7710
2546	7711
687	7712
1818	7713
1633	7714
1653	7715
2488	7716
1035	7717
3447	7718
1181	7719
2636	7720
3738	7721
2293	7722
1603	7723
3212	7724
2241	7725
2241	7726
2241	7727
988	7728
261	7729
636	7730
434	7731
538	7732
1884	7733
3390	7734
206	7735
1748	7736
2359	7737
1383	7738
1141	7739
2737	7740
66	7741
2080	7742
557	7743
557	7744
893	7745
2913	7746
2636	7747
1573	7748
2689	7749
781	7750
2460	7751
771	7752
1808	7753
2241	7754
2241	7755
681	7756
1262	7757
894	7758
2112	7759
2711	7760
3048	7761
3528	7762
1479	7763
2599	7764
3020	7765
3423	7766
3548	7767
1473	7768
645	7769
1885	7770
2636	7771
2122	7772
1840	7773
1249	7774
2241	7775
2241	7776
2241	7777
1936	7778
3789	7779
356	7780
1656	7781
1357	7782
2711	7783
2658	7784
2010	7785
3307	7786
1525	7787
2359	7788
2105	7789
2925	7790
2743	7791
1458	7792
2867	7793
3025	7794
2241	7795
1936	7796
1464	7797
3789	7798
2098	7799
1323	7800
2711	7801
1662	7802
1157	7803
2851	7804
3384	7805
3598	7806
1342	7807
2972	7808
458	7809
2339	7810
2636	7811
2460	7812
294	7813
2483	7814
3738	7815
436	7816
1154	7817
2241	7818
777	7819
2704	7820
1475	7821
1580	7822
3321	7823
1452	7824
3279	7825
2010	7826
3132	7827
953	7828
3384	7829
2362	7830
1045	7831
1153	7832
2050	7833
2708	7834
1032	7835
2079	7836
3087	7837
2276	7838
893	7839
3498	7840
896	7841
408	7842
1204	7843
3500	7844
2636	7845
2636	7846
2689	7847
3738	7848
766	7849
2241	7850
3157	7851
1464	7852
1624	7853
1618	7854
2126	7855
3632	7856
1768	7857
418	7858
817	7859
1954	7860
3648	7861
3132	7862
2621	7863
1891	7864
2359	7865
1473	7866
3040	7867
453	7868
1181	7869
2636	7870
2460	7871
2241	7872
2241	7873
3297	7874
2870	7875
2452	7876
2684	7877
2242	7878
142	7879
2528	7880
3384	7881
540	7882
3788	7883
993	7884
2804	7885
1473	7886
3364	7887
3302	7888
2737	7889
2259	7890
2913	7891
1601	7892
3185	7893
3821	7894
79	7895
484	7896
3738	7897
3738	7898
3738	7899
2241	7900
2241	7901
2241	7902
1360	7903
3049	7904
2711	7905
1814	7906
959	7907
548	7908
623	7909
1833	7910
3554	7911
2700	7912
2998	7913
1601	7914
2294	7915
436	7916
2241	7917
2331	7918
135	7919
3031	7920
194	7921
36	7922
1954	7923
166	7924
2711	7925
640	7926
2635	7927
1719	7928
94	7929
579	7930
2893	7931
1845	7932
2080	7933
3598	7934
2914	7935
1469	7936
1320	7937
2460	7938
484	7939
3738	7940
3738	7941
2241	7942
2241	7943
2459	7944
643	7945
1806	7946
2635	7947
1232	7948
548	7949
1044	7950
2359	7951
987	7952
974	7953
2096	7954
3811	7955
1211	7956
48	7957
79	7958
436	7959
2241	7960
2241	7961
2241	7962
3297	7963
1586	7964
418	7965
3186	7966
3321	7967
238	7968
164	7969
3507	7970
997	7971
2635	7972
2621	7973
1153	7974
3412	7975
1935	7976
3598	7977
974	7978
3738	7979
2241	7980
1936	7981
636	7982
1051	7983
538	7984
3390	7985
380	7986
1816	7987
1358	7988
3088	7989
179	7990
1153	7991
2141	7992
3020	7993
3029	7994
2216	7995
1473	7996
2475	7997
2460	7998
79	7999
3738	8000
999	8001
2241	8002
2241	8003
2241	8004
2241	8005
2241	8006
1936	8007
777	8008
1697	8009
636	8010
3665	8011
1357	8012
1660	8013
3231	8014
166	8015
1157	8016
2984	8017
1439	8018
3035	8019
2359	8020
3133	8021
407	8022
3598	8023
2096	8024
2070	8025
1895	8026
3738	8027
2241	8028
2241	8029
2241	8030
2241	8031
894	8032
3321	8033
2630	8034
2449	8035
67	8036
1473	8037
1473	8038
192	8039
381	8040
3179	8041
3738	8042
3738	8043
901	8044
2241	8045
2658	8046
638	8047
1545	8048
3132	8049
1750	8050
1358	8051
379	8052
1633	8053
51	8054
2141	8055
2733	8056
1706	8057
2080	8058
1601	8059
2070	8060
542	8061
466	8062
3738	8063
901	8064
2241	8065
2241	8066
2241	8067
2880	8068
643	8069
2678	8070
1662	8071
3384	8072
1473	8073
645	8074
84	8075
584	8076
1888	8077
3262	8078
2636	8079
2437	8080
1211	8081
2241	8082
2241	8083
2487	8084
673	8085
521	8086
1750	8087
1142	8088
492	8089
2998	8090
1711	8091
66	8092
2214	8093
3301	8094
79	8095
2867	8096
2241	8097
2241	8098
1624	8099
434	8100
3597	8101
3049	8102
923	8103
2343	8104
1985	8105
567	8106
379	8107
3827	8108
1833	8109
1813	8110
8	8111
2848	8112
2636	8113
1252	8114
3738	8115
2241	8116
2241	8117
2241	8118
2241	8119
2677	8120
2766	8121
1817	8122
2519	8123
2962	8124
849	8125
2312	8126
206	8127
997	8128
1142	8129
3827	8130
67	8131
2344	8132
1910	8133
2636	8134
160	8135
484	8136
3738	8137
1436	8138
1872	8139
2241	8140
2241	8141
2487	8142
3321	8143
2373	8144
3390	8145
1474	8146
3132	8147
206	8148
2635	8149
2040	8150
3317	8151
279	8152
3295	8153
2080	8154
2913	8155
2095	8156
2636	8157
715	8158
2867	8159
2241	8160
2241	8161
1780	8162
959	8163
1662	8164
3307	8165
2494	8166
3317	8167
67	8168
2359	8169
2603	8170
1187	8171
2679	8172
1306	8173
2636	8174
919	8175
2411	8176
2241	8177
2241	8178
2241	8179
2241	8180
2232	8181
2184	8182
2493	8183
3000	8184
3321	8185
3038	8186
2635	8187
3307	8188
818	8189
3598	8190
3372	8191
893	8192
437	8193
2460	8194
484	8195
2241	8196
1059	8197
1816	8198
1157	8199
115	8200
1989	8201
1297	8202
1779	8203
1473	8204
1473	8205
789	8206
510	8207
2562	8208
2070	8209
2460	8210
484	8211
436	8212
2261	8213
3321	8214
1089	8215
2635	8216
186	8217
1505	8218
3494	8219
2359	8220
3737	8221
3215	8222
893	8223
2914	8224
628	8225
2562	8226
1299	8227
2460	8228
2460	8229
901	8230
3248	8231
2241	8232
2060	8233
2806	8234
777	8235
2126	8236
2126	8237
3031	8238
1806	8239
241	8240
2101	8241
3827	8242
1141	8243
3598	8244
976	8245
3094	8246
2555	8247
2070	8248
3452	8249
2903	8250
3113	8251
2360	8252
1936	8253
2038	8254
3231	8255
3390	8256
241	8257
1428	8258
533	8259
900	8260
2076	8261
2635	8262
2635	8263
2635	8264
1157	8265
2337	8266
3598	8267
184	8268
901	8269
1249	8270
2241	8271
2241	8272
2241	8273
1619	8274
383	8275
2635	8276
2635	8277
115	8278
190	8279
1473	8280
2959	8281
3598	8282
1434	8283
3344	8284
2636	8285
1767	8286
2741	8287
383	8288
1633	8289
2371	8290
3317	8291
1833	8292
2370	8293
3295	8294
3598	8295
458	8296
2241	8297
2241	8298
1762	8299
1842	8300
2731	8301
2643	8302
814	8303
814	8304
3807	8305
3360	8306
2711	8307
2997	8308
2635	8309
2635	8310
792	8311
3498	8312
672	8313
2830	8314
1469	8315
1773	8316
2475	8317
1315	8318
1356	8319
940	8320
2241	8321
1624	8322
894	8323
3031	8324
2346	8325
166	8326
2161	8327
3121	8328
3280	8329
3280	8330
568	8331
2674	8332
79	8333
3738	8334
625	8335
451	8336
643	8337
434	8338
538	8339
81	8340
997	8341
2635	8342
1157	8343
2080	8344
2916	8345
1573	8346
3701	8347
2241	8348
764	8349
2487	8350
3779	8351
1633	8352
410	8353
3020	8354
2259	8355
1082	8356
366	8357
1353	8358
484	8359
2867	8360
1463	8361
2241	8362
538	8363
1508	8364
380	8365
2635	8366
1998	8367
879	8368
89	8369
895	8370
2338	8371
2674	8372
1579	8373
119	8374
2241	8375
988	8376
681	8377
1772	8378
410	8379
254	8380
662	8381
3225	8382
1002	8383
2241	8384
2241	8385
3789	8386
406	8387
1772	8388
1664	8389
2664	8390
379	8391
2670	8392
1720	8393
1473	8394
192	8395
2437	8396
445	8397
3738	8398
436	8399
36	8400
1540	8401
1331	8402
3132	8403
3132	8404
997	8405
1006	8406
2161	8407
3606	8408
1692	8409
2737	8410
74	8411
3244	8412
736	8413
70	8414
1601	8415
1204	8416
2437	8417
2460	8418
1981	8419
2241	8420
2241	8421
2241	8422
2241	8423
894	8424
3165	8425
1357	8426
3049	8427
1089	8428
540	8429
2084	8430
2050	8431
1910	8432
3591	8433
151	8434
128	8435
3738	8436
3738	8437
1011	8438
2068	8439
1360	8440
2731	8441
1142	8442
148	8443
1153	8444
3412	8445
977	8446
1711	8447
66	8448
1458	8449
1579	8450
1464	8451
943	8452
1567	8453
1365	8454
2792	8455
410	8456
2094	8457
2953	8458
2913	8459
3561	8460
2636	8461
484	8462
3738	8463
2159	8464
2241	8465
2241	8466
599	8467
3165	8468
2861	8469
2415	8470
1157	8471
3598	8472
2636	8473
3166	8474
484	8475
2241	8476
2241	8477
2241	8478
1780	8479
3321	8480
3557	8481
3026	8482
2630	8483
3390	8484
3390	8485
2635	8486
1349	8487
2418	8488
1473	8489
91	8490
1223	8491
2902	8492
3799	8493
2636	8494
2241	8495
2487	8496
998	8497
3780	8498
434	8499
2711	8500
2635	8501
115	8502
2371	8503
2913	8504
70	8505
1355	8506
137	8507
2241	8508
1464	8509
3376	8510
1806	8511
3132	8512
3822	8513
2076	8514
2494	8515
627	8516
2050	8517
3788	8518
3158	8519
3094	8520
319	8521
527	8522
3738	8523
901	8524
1784	8525
2487	8526
2884	8527
1378	8528
3279	8529
2242	8530
1142	8531
1473	8532
1026	8533
2341	8534
2742	8535
2881	8536
672	8537
628	8538
2636	8539
2636	8540
602	8541
484	8542
3738	8543
3738	8544
2335	8545
3248	8546
538	8547
1430	8548
2870	8549
238	8550
3187	8551
1816	8552
2040	8553
2963	8554
2359	8555
645	8556
3282	8557
2819	8558
2241	8559
2731	8560
159	8561
2125	8562
895	8563
1840	8564
2208	8565
3738	8566
3738	8567
901	8568
3002	8569
3390	8570
567	8571
1153	8572
2953	8573
2482	8574
3733	8575
2457	8576
980	8577
3149	8578
2636	8579
49	8580
2241	8581
2678	8582
2279	8583
1468	8584
1387	8585
3026	8586
3048	8587
773	8588
1157	8589
1633	8590
492	8591
3436	8592
603	8593
2636	8594
3738	8595
3738	8596
119	8597
2867	8598
2241	8599
2241	8600
2241	8601
2241	8602
3052	8603
3650	8604
1130	8605
241	8606
997	8607
2528	8608
1153	8609
3788	8610
646	8611
1601	8612
49	8613
133	8614
3738	8615
442	8616
1762	8617
2126	8618
1437	8619
2715	8620
3460	8621
3412	8622
66	8623
2705	8624
3355	8625
445	8626
2241	8627
2241	8628
2241	8629
3031	8630
2206	8631
538	8632
2010	8633
1866	8634
997	8635
567	8636
1633	8637
3827	8638
1672	8639
1891	8640
3412	8641
2080	8642
1458	8643
2877	8644
3738	8645
3738	8646
1154	8647
3161	8648
2241	8649
3680	8650
3648	8651
1243	8652
2050	8653
1473	8654
3598	8655
945	8656
3821	8657
3738	8658
3738	8659
2241	8660
3160	8661
2126	8662
2098	8663
997	8664
1488	8665
1473	8666
145	8667
2966	8668
3598	8669
2636	8670
2597	8671
2460	8672
3738	8673
949	8674
2241	8675
2241	8676
2487	8677
1697	8678
3049	8679
3049	8680
3132	8681
1963	8682
552	8683
379	8684
1505	8685
92	8686
2398	8687
413	8688
3738	8689
184	8690
2241	8691
3430	8692
3515	8693
3461	8694
1357	8695
2010	8696
1962	8697
3822	8698
2161	8699
1383	8700
1187	8701
1625	8702
1862	8703
3598	8704
2913	8705
70	8706
2241	8707
2241	8708
795	8709
777	8710
1360	8711
3393	8712
68	8713
396	8714
3827	8715
16	8716
583	8717
3079	8718
3738	8719
625	8720
2241	8721
1085	8722
3296	8723
81	8724
2711	8725
1816	8726
3381	8727
3307	8728
1026	8729
3040	8730
645	8731
386	8732
70	8733
2096	8734
2070	8735
2483	8736
3738	8737
1936	8738
387	8739
3546	8740
2100	8741
3650	8742
1866	8743
1251	8744
900	8745
2635	8746
974	8747
2636	8748
3821	8749
3738	8750
899	8751
1292	8752
1249	8753
1249	8754
2241	8755
2241	8756
2487	8757
1798	8758
2493	8759
740	8760
2771	8761
2635	8762
115	8763
1633	8764
3498	8765
2636	8766
1211	8767
445	8768
3738	8769
3139	8770
2260	8771
1461	8772
1954	8773
3132	8774
3774	8775
2337	8776
1296	8777
1840	8778
3738	8779
2241	8780
956	8781
1656	8782
1360	8783
1660	8784
3390	8785
2312	8786
2297	8787
1153	8788
1153	8789
2963	8790
192	8791
3295	8792
1208	8793
2674	8794
1211	8795
278	8796
2241	8797
2241	8798
2241	8799
2241	8800
1464	8801
1624	8802
894	8803
3331	8804
292	8805
3321	8806
3551	8807
567	8808
2998	8809
974	8810
2636	8811
294	8812
484	8813
3738	8814
2897	8815
2711	8816
1479	8817
997	8818
1720	8819
1885	8820
2562	8821
70	8822
3044	8823
184	8824
442	8825
2241	8826
2241	8827
2779	8828
2311	8829
2678	8830
2860	8831
81	8832
959	8833
2635	8834
2635	8835
2337	8836
2484	8837
508	8838
1601	8839
1559	8840
2636	8841
568	8842
1403	8843
2122	8844
49	8845
3738	8846
364	8847
387	8848
2711	8849
2938	8850
2635	8851
3827	8852
2998	8853
3598	8854
2214	8855
2070	8856
2867	8857
2241	8858
2880	8859
1360	8860
3049	8861
3648	8862
241	8863
465	8864
997	8865
3490	8866
136	8867
2070	8868
1458	8869
3738	8870
3452	8871
894	8872
3763	8873
480	8874
3035	8875
1264	8876
948	8877
2636	8878
2070	8879
2241	8880
2241	8881
2203	8882
1464	8883
1618	8884
2732	8885
1656	8886
538	8887
547	8888
1535	8889
2875	8890
2804	8891
3216	8892
1935	8893
1846	8894
49	8895
2414	8896
2400	8897
2241	8898
2487	8899
2206	8900
3242	8901
378	8902
3648	8903
2635	8904
1633	8905
446	8906
1153	8907
1845	8908
2866	8909
901	8910
1475	8911
1417	8912
3045	8913
3827	8914
278	8915
2241	8916
1464	8917
434	8918
2207	8919
3544	8920
1962	8921
997	8922
2904	8923
2695	8924
410	8925
1153	8926
1833	8927
2832	8928
136	8929
2700	8930
3733	8931
77	8932
1307	8933
2483	8934
2241	8935
2241	8936
2780	8937
2487	8938
3525	8939
3184	8940
206	8941
2359	8942
3109	8943
1154	8944
1603	8945
3467	8946
2241	8947
1936	8948
2487	8949
1767	8950
2861	8951
638	8952
3551	8953
2370	8954
1601	8955
1320	8956
3176	8957
3738	8958
2241	8959
2241	8960
1460	8961
410	8962
548	8963
1833	8964
3295	8965
2636	8966
1355	8967
1353	8968
2460	8969
294	8970
3350	8971
1464	8972
3049	8973
540	8974
3514	8975
3094	8976
1601	8977
2070	8978
445	8979
389	8980
484	8981
184	8982
2080	8983
3120	8984
2412	8985
2241	8986
1464	8987
552	8988
1153	8989
1473	8990
1423	8991
437	8992
1143	8993
2241	8994
1656	8995
3031	8996
2200	8997
2415	8998
997	8999
2402	9000
567	9001
2494	9002
374	9003
155	9004
1473	9005
3733	9006
2913	9007
1824	9008
2487	9009
3321	9010
2979	9011
638	9012
2817	9013
386	9014
1220	9015
3738	9016
184	9017
2241	9018
1762	9019
1762	9020
538	9021
3648	9022
687	9023
2298	9024
2963	9025
407	9026
1204	9027
147	9028
1211	9029
1777	9030
547	9031
923	9032
1142	9033
3594	9034
1473	9035
893	9036
1601	9037
2070	9038
2241	9039
1360	9040
469	9041
2677	9042
3546	9043
3599	9044
12	9045
2241	9046
2501	9047
2437	9048
2241	9049
2241	9050
2241	9051
1894	9052
1351	9053
84	9054
789	9055
592	9056
894	9057
2833	9058
115	9059
818	9060
1505	9061
850	9062
3598	9063
2437	9064
3738	9065
1154	9066
1359	9067
2241	9068
2241	9069
3350	9070
3000	9071
1387	9072
774	9073
1473	9074
3598	9075
2535	9076
3761	9077
1660	9078
3727	9079
1962	9080
1355	9081
2241	9082
2241	9083
538	9084
1310	9085
687	9086
44	9087
1833	9088
878	9089
809	9090
3021	9091
49	9092
630	9093
1463	9094
777	9095
3279	9096
206	9097
1179	9098
1720	9099
191	9100
2070	9101
1624	9102
2895	9103
3508	9104
2595	9105
3381	9106
3384	9107
374	9108
948	9109
1370	9110
901	9111
1359	9112
2241	9113
2241	9114
2066	9115
363	9116
997	9117
2161	9118
1153	9119
3738	9120
2097	9121
3598	9122
3598	9123
2981	9124
208	9125
2126	9126
3031	9127
469	9128
2711	9129
3381	9130
2635	9131
3827	9132
3020	9133
2804	9134
1473	9135
893	9136
536	9137
3297	9138
2531	9139
3557	9140
3434	9141
1044	9142
815	9143
1845	9144
3498	9145
1464	9146
1618	9147
3279	9148
2658	9149
3132	9150
1157	9151
623	9152
67	9153
2983	9154
484	9155
796	9156
2159	9157
2241	9158
3430	9159
356	9160
2054	9161
1231	9162
1044	9163
3204	9164
1211	9165
1767	9166
3031	9167
2766	9168
3514	9169
1153	9170
189	9171
3364	9172
3344	9173
2437	9174
2241	9175
356	9176
534	9177
1357	9178
1926	9179
2387	9180
1323	9181
241	9182
811	9183
1846	9184
2241	9185
1475	9186
2861	9187
3321	9188
1157	9189
548	9190
145	9191
1009	9192
646	9193
484	9194
3738	9195
261	9196
3460	9197
3364	9198
620	9199
672	9200
2636	9201
399	9202
3738	9203
2241	9204
3390	9205
623	9206
3827	9207
2359	9208
3179	9209
1783	9210
287	9211
1291	9212
1006	9213
645	9214
3179	9215
3179	9216
366	9217
3738	9218
3384	9219
2437	9220
1808	9221
567	9222
2161	9223
3788	9224
1141	9225
3282	9226
643	9227
3321	9228
3390	9229
3390	9230
2252	9231
206	9232
1157	9233
646	9234
2460	9235
3049	9236
241	9237
3132	9238
2499	9239
3384	9240
2668	9241
2708	9242
3792	9243
1141	9244
939	9245
2048	9246
66	9247
1353	9248
3738	9249
1656	9250
1768	9251
1619	9252
241	9253
2107	9254
3598	9255
2636	9256
3248	9257
186	9258
3486	9259
2297	9260
3827	9261
948	9262
1393	9263
2830	9264
1387	9265
1251	9266
239	9267
3354	9268
1473	9269
1204	9270
1475	9271
2079	9272
407	9273
1885	9274
357	9275
2743	9276
3486	9277
3390	9278
1279	9279
646	9280
484	9281
2559	9282
2206	9283
2240	9284
2584	9285
3194	9286
1943	9287
1702	9288
484	9289
2241	9290
3354	9291
2370	9292
1473	9293
377	9294
361	9295
2914	9296
3198	9297
3390	9298
2070	9299
3738	9300
2571	9301
2112	9302
3031	9303
1660	9304
1358	9305
2402	9306
80	9307
628	9308
481	9309
2487	9310
157	9311
67	9312
2475	9313
79	9314
2241	9315
1278	9316
2913	9317
458	9318
3509	9319
3390	9320
2010	9321
1157	9322
1211	9323
901	9324
3834	9325
567	9326
623	9327
408	9328
2241	9329
434	9330
848	9331
2635	9332
3106	9333
465	9334
2507	9335
1464	9336
135	9337
3390	9338
1473	9339
481	9340
3160	9341
997	9342
410	9343
115	9344
2241	9345
2241	9346
3	9347
1473	9348
583	9349
1181	9350
445	9351
2867	9352
136	9353
3676	9354
2098	9355
2630	9356
3738	9357
1064	9358
3598	9359
625	9360
2080	9361
134	9362
1204	9363
2293	9364
2241	9365
