org_id	remap_id	satori_id
2	1	0
3	2	1
4	3	2
6	4	3
9	5	4
11	6	5
13	7	6
15	8	7
18	9	8
23	10	9
24	11	10
26	12	11
28	13	12
30	14	13
31	15	14
34	16	15
40	17	16
41	18	17
48	19	18
50	20	19
52	21	20
57	22	21
58	23	22
62	24	23
64	25	24
82	26	25
85	27	26
90	28	27
91	29	28
92	30	29
93	31	30
94	32	31
95	33	32
113	34	33
152	35	34
162	36	35
163	37	36
171	38	37
175	39	38
178	40	39
183	41	40
184	42	41
188	43	42
189	44	43
200	45	44
204	46	45
207	47	46
209	48	47
211	49	48
213	50	49
214	51	50
219	52	51
220	53	52
222	54	53
223	55	54
228	56	55
231	57	56
237	58	57
239	59	58
243	60	59
245	61	60
246	62	61
248	63	62
256	64	63
259	65	64
264	66	65
265	67	66
271	68	67
275	69	68
277	70	69
278	71	70
284	72	71
296	73	72
308	74	73
310	75	74
311	76	75
313	77	76
317	78	77
324	79	78
325	80	79
328	81	80
332	82	81
336	83	82
339	84	83
341	85	84
343	86	85
345	87	86
349	88	87
350	89	88
357	90	89
359	91	90
362	92	91
365	93	92
369	94	93
373	95	94
376	96	95
377	97	96
380	98	97
386	99	98
393	100	99
407	101	100
409	102	101
412	103	102
415	104	103
423	105	104
424	106	105
426	107	106
432	108	107
435	109	108
436	110	109
437	111	110
440	112	111
443	113	112
452	114	113
453	115	114
456	116	115
467	117	116
485	118	117
486	119	118
489	120	119
491	121	120
495	122	121
508	123	122
509	124	123
510	125	124
514	126	125
518	127	126
525	128	127
527	129	128
529	130	129
531	131	130
532	132	131
535	133	132
538	134	133
542	135	134
543	136	135
547	137	136
548	138	137
549	139	138
550	140	139
552	141	140
554	142	141
571	143	142
573	144	143
574	145	144
575	146	145
581	147	146
583	148	147
586	149	148
587	150	149
588	151	150
592	152	151
593	153	152
597	154	153
602	155	154
603	156	155
616	157	156
619	158	157
621	159	158
622	160	159
625	161	160
627	162	161
628	163	162
629	164	163
631	165	164
632	166	165
633	167	166
637	168	167
639	169	168
642	170	169
643	171	170
646	172	171
649	173	172
651	174	173
654	175	174
658	176	175
659	177	176
660	178	177
661	179	178
667	180	179
671	181	180
672	182	181
673	183	182
677	184	183
681	185	184
686	186	185
702	187	186
703	188	187
705	189	188
711	190	189
716	191	190
717	192	191
722	193	192
736	194	193
739	195	194
747	196	195
748	197	196
755	198	197
756	199	198
768	200	199
782	201	200
783	202	201
787	203	202
791	204	203
795	205	204
796	206	205
797	207	206
801	208	207
805	209	208
806	210	209
808	211	210
812	212	211
823	213	212
826	214	213
829	215	214
832	216	215
834	217	216
837	218	217
839	219	218
840	220	219
842	221	220
851	222	221
853	223	222
858	224	223
867	225	224
872	226	225
876	227	226
880	228	227
881	229	228
882	230	229
886	231	230
887	232	231
892	233	232
896	234	233
897	235	234
898	236	235
899	237	236
906	238	237
909	239	238
912	240	239
921	241	240
922	242	241
923	243	242
924	244	243
925	245	244
936	246	245
938	247	246
939	248	247
941	249	248
950	250	249
957	251	250
958	252	251
962	253	252
968	254	253
972	255	254
974	256	255
996	257	256
997	258	257
1002	259	258
1003	260	259
1006	261	260
1009	262	261
1016	263	262
1021	264	263
1023	265	264
1028	266	265
1036	267	266
1047	268	267
1053	269	268
1057	270	269
1059	271	270
1064	272	271
1065	273	272
1069	274	273
1071	275	274
1073	276	275
1081	277	276
1083	278	277
1092	279	278
1095	280	279
1100	281	280
1102	282	281
1105	283	282
1108	284	283
1111	285	284
1113	286	285
1118	287	286
1124	288	287
1127	289	288
1134	290	289
1136	291	290
1142	292	291
1147	293	292
1151	294	293
1153	295	294
1155	296	295
1161	297	296
1164	298	297
1172	299	298
1176	300	299
1177	301	300
1183	302	301
1185	303	302
1188	304	303
1194	305	304
1201	306	305
1202	307	306
1203	308	307
1205	309	308
1207	310	309
1208	311	310
1211	312	311
1215	313	312
1218	314	313
1222	315	314
1229	316	315
1233	317	316
1234	318	317
1237	319	318
1252	320	319
1253	321	320
1256	322	321
1265	323	322
1266	324	323
1271	325	324
1274	326	325
1282	327	326
1287	328	327
1289	329	328
1295	330	329
1296	331	330
1297	332	331
1298	333	332
1299	334	333
1300	335	334
1301	336	335
1302	337	336
1303	338	337
1305	339	338
1318	340	339
1319	341	340
1329	342	341
1331	343	342
1332	344	343
1334	345	344
1335	346	345
1337	347	346
1338	348	347
1345	349	348
1354	350	349
1355	351	350
1367	352	351
1380	353	352
1383	354	353
1384	355	354
1385	356	355
1394	357	356
1397	358	357
1401	359	358
1403	360	359
1408	361	360
1409	362	361
1411	363	362
1428	364	363
1429	365	364
1430	366	365
1433	367	366
1434	368	367
1436	369	368
1437	370	369
1439	371	370
1440	372	371
1441	373	372
1450	374	373
1452	375	374
1454	376	375
1455	377	376
1459	378	377
1463	379	378
1466	380	379
1467	381	380
1478	382	381
1486	383	382
1494	384	383
1499	385	384
1505	386	385
1507	387	386
1509	388	387
1510	389	388
1511	390	389
1514	391	390
1515	392	391
1520	393	392
1521	394	393
1526	395	394
1533	396	395
1543	397	396
1544	398	397
1551	399	398
1556	400	399
1560	401	400
1561	402	401
1565	403	402
1569	404	403
1576	405	404
1589	406	405
1590	407	406
1591	408	407
1593	409	408
1599	410	409
1603	411	410
1606	412	411
1608	413	412
1609	414	413
1615	415	414
1616	416	415
1617	417	416
1619	418	417
1620	419	418
1622	420	419
1623	421	420
1625	422	421
1627	423	422
1628	424	423
1634	425	424
1635	426	425
1636	427	426
1650	428	427
1653	429	428
1663	430	429
1667	431	430
1674	432	431
1677	433	432
1688	434	433
1690	435	434
1691	436	435
1693	437	436
1698	438	437
1700	439	438
1701	440	439
1702	441	440
1704	442	441
1705	443	442
1706	444	443
1712	445	444
1713	446	445
1714	447	446
1715	448	447
1716	449	448
1720	450	449
1726	451	450
1727	452	451
1728	453	452
1732	454	453
1733	455	454
1734	456	455
1735	457	456
1738	458	457
1742	459	458
1743	460	459
1745	461	460
1746	462	461
1747	463	462
1748	464	463
1750	465	464
1752	466	465
1756	467	466
1761	468	467
1762	469	468
1767	470	469
1774	471	470
1779	472	471
1781	473	472
1782	474	473
1787	475	474
1789	476	475
1796	477	476
1797	478	477
1800	479	478
1801	480	479
1809	481	480
1812	482	481
1818	483	482
1824	484	483
1826	485	484
1827	486	485
1835	487	486
1836	488	487
1838	489	488
1840	490	489
1841	491	490
1845	492	491
1848	493	492
1859	494	493
1863	495	494
1875	496	495
1879	497	496
1882	498	497
1886	499	498
1892	500	499
1897	501	500
1899	502	501
1900	503	502
1902	504	503
1927	505	504
1931	506	505
1932	507	506
1941	508	507
1943	509	508
1945	510	509
1946	511	510
1947	512	511
1950	513	512
1953	514	513
1955	515	514
1959	516	515
1964	517	516
1965	518	517
1966	519	518
1969	520	519
1972	521	520
1973	522	521
1975	523	522
1977	524	523
1978	525	524
1982	526	525
1984	527	526
1985	528	527
1988	529	528
1989	530	529
1991	531	530
1994	532	531
1997	533	532
2001	534	533
2002	535	534
2009	536	535
2015	537	536
2017	538	537
2020	539	538
2022	540	539
2024	541	540
2026	542	541
2031	543	542
2032	544	543
2035	545	544
2038	546	545
2042	547	546
2046	548	547
2047	549	548
2048	550	549
2053	551	550
2059	552	551
2064	553	552
2066	554	553
2068	555	554
2069	556	555
2070	557	556
2071	558	557
2075	559	558
2078	560	559
2080	561	560
2084	562	561
2087	563	562
2095	564	563
2100	565	564
2105	566	565
2106	567	566
2124	568	567
2127	569	568
2129	570	569
2132	571	570
2134	572	571
2137	573	572
2140	574	573
2149	575	574
2150	576	575
2153	577	576
2154	578	577
2155	579	578
2162	580	579
2168	581	580
2169	582	581
2174	583	582
2177	584	583
2181	585	584
2188	586	585
2189	587	586
2197	588	587
2211	589	588
2214	590	589
2222	591	590
2223	592	591
2229	593	592
2230	594	593
2232	595	594
2235	596	595
2239	597	596
2244	598	597
2245	599	598
2246	600	599
2249	601	600
2252	602	601
2253	603	602
2254	604	603
2255	605	604
2260	606	605
2262	607	606
2264	608	607
2265	609	608
2266	610	609
2267	611	610
2270	612	611
2272	613	612
2276	614	613
2280	615	614
2281	616	615
2285	617	616
2289	618	617
2290	619	618
2293	620	619
2296	621	620
2297	622	621
2298	623	622
2299	624	623
2300	625	624
2301	626	625
2302	627	626
2303	628	627
2306	629	628
2307	630	629
2308	631	630
2310	632	631
2312	633	632
2313	634	633
2316	635	634
2317	636	635
2318	637	636
2320	638	637
2321	639	638
2322	640	639
2323	641	640
2325	642	641
2327	643	642
2328	644	643
2331	645	644
2332	646	645
2333	647	646
2349	648	647
2354	649	648
2355	650	649
2358	651	650
2361	652	651
2364	653	652
2366	654	653
2369	655	654
2370	656	655
2376	657	656
2381	658	657
2382	659	658
2383	660	659
2391	661	660
2393	662	661
2394	663	662
2399	664	663
2401	665	664
2404	666	665
2409	667	666
2410	668	667
2417	669	668
2420	670	669
2424	671	670
2427	672	671
2445	673	672
2446	674	673
2454	675	674
2465	676	675
2470	677	676
2471	678	677
2472	679	678
2474	680	679
2477	681	680
2478	682	681
2479	683	682
2485	684	683
2486	685	684
2487	686	685
2488	687	686
2492	688	687
2495	689	688
2496	690	689
2504	691	690
2511	692	691
2515	693	692
2518	694	693
2526	695	694
2532	696	695
2537	697	696
2539	698	697
2543	699	698
2545	700	699
2549	701	700
2563	702	701
2564	703	702
2572	704	703
2573	705	704
2575	706	705
2577	707	706
2578	708	707
2582	709	708
2588	710	709
2589	711	710
2592	712	711
2612	713	712
2617	714	713
2619	715	714
2627	716	715
2628	717	716
2635	718	717
2636	719	718
2640	720	719
2644	721	720
2645	722	721
2652	723	722
2657	724	723
2658	725	724
2659	726	725
2664	727	726
2668	728	727
2674	729	728
2681	730	729
2682	731	730
2683	732	731
2691	733	732
2693	734	733
2714	735	734
2716	736	735
2724	737	736
2727	738	737
2738	739	738
2740	740	739
2746	741	740
2749	742	741
2751	743	742
2752	744	743
2754	745	744
2755	746	745
2756	747	746
2757	748	747
2759	749	748
2761	750	749
2768	751	750
2769	752	751
2771	753	752
2779	754	753
2785	755	754
2789	756	755
2794	757	756
2795	758	757
2799	759	758
2803	760	759
2805	761	760
2806	762	761
2809	763	762
2811	764	763
2815	765	764
2821	766	765
2823	767	766
2824	768	767
2825	769	768
2828	770	769
2829	771	770
2835	772	771
2839	773	772
2841	774	773
2842	775	774
2848	776	775
2850	777	776
2852	778	777
2862	779	778
2865	780	779
2866	781	780
2872	782	781
2873	783	782
2876	784	783
2878	785	784
2894	786	785
2897	787	786
2900	788	787
2901	789	788
2903	790	789
2906	791	790
2909	792	791
2911	793	792
2914	794	793
2915	795	794
2921	796	795
2927	797	796
2929	798	797
2934	799	798
2938	800	799
2944	801	800
2951	802	801
2959	803	802
2966	804	803
2967	805	804
2973	806	805
2975	807	806
2976	808	807
2978	809	808
2980	810	809
2995	811	810
2996	812	811
2997	813	812
2999	814	813
3004	815	814
3009	816	815
3017	817	816
3020	818	817
3021	819	818
3022	820	819
3024	821	820
3026	822	821
3027	823	822
3031	824	823
3034	825	824
3037	826	825
3041	827	826
3043	828	827
3059	829	828
3069	830	829
3074	831	830
3076	832	831
3081	833	832
3082	834	833
3083	835	834
3087	836	835
3093	837	836
3099	838	837
3108	839	838
3114	840	839
3122	841	840
3124	842	841
3126	843	842
3131	844	843
3132	845	844
3134	846	845
3147	847	846
3150	848	847
3153	849	848
3155	850	849
3156	851	850
3157	852	851
3158	853	852
3163	854	853
3164	855	854
3165	856	855
3169	857	856
3184	858	857
3186	859	858
3187	860	859
3196	861	860
3198	862	861
3199	863	862
3200	864	863
3203	865	864
3208	866	865
3222	867	866
3230	868	867
3231	869	868
3234	870	869
3236	871	870
3239	872	871
3241	873	872
3242	874	873
3245	875	874
3248	876	875
3250	877	876
3257	878	877
3258	879	878
3264	880	879
3270	881	880
3271	882	881
3279	883	882
3280	884	883
3282	885	884
3283	886	885
3285	887	886
3289	888	887
3294	889	888
3295	890	889
3298	891	890
3300	892	891
3305	893	892
3307	894	893
3309	895	894
3310	896	895
3312	897	896
3313	898	897
3315	899	898
3316	900	899
3321	901	900
3327	902	901
3328	903	902
3334	904	903
3335	905	904
3339	906	905
3341	907	906
3344	908	907
3346	909	908
3347	910	909
3349	911	910
3351	912	911
3355	913	912
3359	914	913
3365	915	914
3367	916	915
3375	917	916
3376	918	917
3391	919	918
3397	920	919
3398	921	920
3402	922	921
3403	923	922
3404	924	923
3407	925	924
3410	926	925
3414	927	926
3415	928	927
3417	929	928
3420	930	929
3421	931	930
3429	932	931
3430	933	932
3431	934	933
3432	935	934
3433	936	935
3434	937	936
3435	938	937
3437	939	938
3440	940	939
3442	941	940
3444	942	941
3450	943	942
3452	944	943
3455	945	944
3456	946	945
3467	947	946
3472	948	947
3473	949	948
3478	950	949
3484	951	950
3489	952	951
3493	953	952
3494	954	953
3496	955	954
3499	956	955
3501	957	956
3502	958	957
3504	959	958
3505	960	959
3513	961	960
3528	962	961
3529	963	962
3530	964	963
3531	965	964
3532	966	965
3534	967	966
3541	968	967
3542	969	968
3543	970	969
3545	971	970
3551	972	971
3556	973	972
3558	974	973
3560	975	974
3562	976	975
3568	977	976
3569	978	977
3574	979	978
3583	980	979
3587	981	980
3591	982	981
3594	983	982
3595	984	983
3599	985	984
3604	986	985
3607	987	986
3609	988	987
3611	989	988
3621	990	989
3622	991	990
3624	992	991
3640	993	992
3645	994	993
3650	995	994
3657	996	995
3660	997	996
3668	998	997
3670	999	998
3671	1000	999
3678	1001	1000
3683	1002	1001
3684	1003	1002
3689	1004	1003
3690	1005	1004
3695	1006	1005
3697	1007	1006
3698	1008	1007
3701	1009	1008
3702	1010	1009
3703	1011	1010
3708	1012	1011
3718	1013	1012
3726	1014	1013
3736	1015	1014
3737	1016	1015
3743	1017	1016
3751	1018	1017
3756	1019	1018
3759	1020	1019
3769	1021	1020
3775	1022	1021
3780	1023	1022
3791	1024	1023
3793	1025	1024
3794	1026	1025
3796	1027	1026
3799	1028	1027
3803	1029	1028
3806	1030	1029
3812	1031	1030
3817	1032	1031
3821	1033	1032
3822	1034	1033
3823	1035	1034
3855	1036	1035
3863	1037	1036
3865	1038	1037
3867	1039	1038
3870	1040	1039
3873	1041	1040
3876	1042	1041
3877	1043	1042
3881	1044	1043
3882	1045	1044
3885	1046	1045
3886	1047	1046
3890	1048	1047
3898	1049	1048
3900	1050	1049
3904	1051	1050
3905	1052	1051
3906	1053	1052
3907	1054	1053
3908	1055	1054
3912	1056	1055
3915	1057	1056
3920	1058	1057
3922	1059	1058
3923	1060	1059
3925	1061	1060
3931	1062	1061
3936	1063	1062
3944	1064	1063
3947	1065	1064
3949	1066	1065
3958	1067	1066
3965	1068	1067
3973	1069	1068
3978	1070	1069
3980	1071	1070
3983	1072	1071
3986	1073	1072
3991	1074	1073
3994	1075	1074
3997	1076	1075
4004	1077	1076
4021	1078	1077
4022	1079	1078
4027	1080	1079
4028	1081	1080
4032	1082	1081
4036	1083	1082
4038	1084	1083
4043	1085	1084
4044	1086	1085
4048	1087	1086
4054	1088	1087
4058	1089	1088
4062	1090	1089
4066	1091	1090
4069	1092	1091
4074	1093	1092
4075	1094	1093
4081	1095	1094
4089	1096	1095
4098	1097	1096
4101	1098	1097
4103	1099	1098
4106	1100	1099
4108	1101	1100
4109	1102	1101
4111	1103	1102
4115	1104	1103
4116	1105	1104
4123	1106	1105
4127	1107	1106
4132	1108	1107
4133	1109	1108
4138	1110	1109
4147	1111	1110
4150	1112	1111
4151	1113	1112
4152	1114	1113
4153	1115	1114
4156	1116	1115
4158	1117	1116
4161	1118	1117
4162	1119	1118
4168	1120	1119
4169	1121	1120
4176	1122	1121
4177	1123	1122
4178	1124	1123
4187	1125	1124
4190	1126	1125
4196	1127	1126
4197	1128	1127
4199	1129	1128
4200	1130	1129
4201	1131	1130
4208	1132	1131
4212	1133	1132
4216	1134	1133
4220	1135	1134
4224	1136	1135
4230	1137	1136
4240	1138	1137
4245	1139	1138
4247	1140	1139
4251	1141	1140
4252	1142	1141
4253	1143	1142
4254	1144	1143
4255	1145	1144
4258	1146	1145
4266	1147	1146
4269	1148	1147
4273	1149	1148
4279	1150	1149
4283	1151	1150
4284	1152	1151
4288	1153	1152
4291	1154	1153
4294	1155	1154
4300	1156	1155
4309	1157	1156
4314	1158	1157
4321	1159	1158
4325	1160	1159
4328	1161	1160
4331	1162	1161
4332	1163	1162
4333	1164	1163
4334	1165	1164
4335	1166	1165
4341	1167	1166
4343	1168	1167
4354	1169	1168
4357	1170	1169
4358	1171	1170
4371	1172	1171
4375	1173	1172
4377	1174	1173
4384	1175	1174
4387	1176	1175
4388	1177	1176
4391	1178	1177
4394	1179	1178
4404	1180	1179
4434	1181	1180
4447	1182	1181
4451	1183	1182
4452	1184	1183
4457	1185	1184
4463	1186	1185
4474	1187	1186
4481	1188	1187
4488	1189	1188
4500	1190	1189
4515	1191	1190
4524	1192	1191
4529	1193	1192
4536	1194	1193
4540	1195	1194
4551	1196	1195
4552	1197	1196
4553	1198	1197
4557	1199	1198
4558	1200	1199
4561	1201	1200
4563	1202	1201
4566	1203	1202
4567	1204	1203
4569	1205	1204
4571	1206	1205
4573	1207	1206
4580	1208	1207
4581	1209	1208
4590	1210	1209
4591	1211	1210
4596	1212	1211
4603	1213	1212
4604	1214	1213
4605	1215	1214
4606	1216	1215
4611	1217	1216
4613	1218	1217
4618	1219	1218
4619	1220	1219
4649	1221	1220
4661	1222	1221
4662	1223	1222
4666	1224	1223
4670	1225	1224
4690	1226	1225
4692	1227	1226
4695	1228	1227
4696	1229	1228
4701	1230	1229
4708	1231	1230
4709	1232	1231
4713	1233	1232
4719	1234	1233
4725	1235	1234
4732	1236	1235
4734	1237	1236
4735	1238	1237
4737	1239	1238
4746	1240	1239
4750	1241	1240
4752	1242	1241
4755	1243	1242
4761	1244	1243
4767	1245	1244
4771	1246	1245
4775	1247	1246
4778	1248	1247
4779	1249	1248
4782	1250	1249
4788	1251	1250
4789	1252	1251
4792	1253	1252
4793	1254	1253
4800	1255	1254
4802	1256	1255
4805	1257	1256
4810	1258	1257
4814	1259	1258
4818	1260	1259
4819	1261	1260
4822	1262	1261
4833	1263	1262
4849	1264	1263
4854	1265	1264
4855	1266	1265
4866	1267	1266
4871	1268	1267
4872	1269	1268
4873	1270	1269
4874	1271	1270
4875	1272	1271
4876	1273	1272
4877	1274	1273
4878	1275	1274
4912	1276	1275
4917	1277	1276
4920	1278	1277
4923	1279	1278
4924	1280	1279
4932	1281	1280
4939	1282	1281
4946	1283	1282
4947	1284	1283
4954	1285	1284
4955	1286	1285
4960	1287	1286
4963	1288	1287
4965	1289	1288
4970	1290	1289
4971	1291	1290
4972	1292	1291
4973	1293	1292
4975	1294	1293
4978	1295	1294
4984	1296	1295
4991	1297	1296
4995	1298	1297
4998	1299	1298
5005	1300	1299
5006	1301	1300
5013	1302	1301
5014	1303	1302
5020	1304	1303
5028	1305	1304
5029	1306	1305
5039	1307	1306
5040	1308	1307
5045	1309	1308
5069	1310	1309
5072	1311	1310
5073	1312	1311
5074	1313	1312
5075	1314	1313
5077	1315	1314
5079	1316	1315
5080	1317	1316
5085	1318	1317
5098	1319	1318
5111	1320	1319
5112	1321	1320
5115	1322	1321
5119	1323	1322
5124	1324	1323
5149	1325	1324
5150	1326	1325
5152	1327	1326
5153	1328	1327
5154	1329	1328
5158	1330	1329
5160	1331	1330
5163	1332	1331
5166	1333	1332
5173	1334	1333
5174	1335	1334
5177	1336	1335
5178	1337	1336
5186	1338	1337
5197	1339	1338
5198	1340	1339
5209	1341	1340
5215	1342	1341
5216	1343	1342
5229	1344	1343
5232	1345	1344
5235	1346	1345
5236	1347	1346
5237	1348	1347
5238	1349	1348
5241	1350	1349
5244	1351	1350
5250	1352	1351
5256	1353	1352
5258	1354	1353
5262	1355	1354
5271	1356	1355
5272	1357	1356
5274	1358	1357
5275	1359	1358
5278	1360	1359
5279	1361	1360
5280	1362	1361
5297	1363	1362
5304	1364	1363
5307	1365	1364
5315	1366	1365
5316	1367	1366
5326	1368	1367
5332	1369	1368
5338	1370	1369
5343	1371	1370
5352	1372	1371
5353	1373	1372
5356	1374	1373
5358	1375	1374
5359	1376	1375
5370	1377	1376
5373	1378	1377
5393	1379	1378
5395	1380	1379
5397	1381	1380
5398	1382	1381
5400	1383	1382
5409	1384	1383
5411	1385	1384
5412	1386	1385
5417	1387	1386
5418	1388	1387
5421	1389	1388
5423	1390	1389
5424	1391	1390
5426	1392	1391
5427	1393	1392
5428	1394	1393
5435	1395	1394
5437	1396	1395
5439	1397	1396
5441	1398	1397
5442	1399	1398
5443	1400	1399
5448	1401	1400
5453	1402	1401
5456	1403	1402
5463	1404	1403
5474	1405	1404
5476	1406	1405
5480	1407	1406
5481	1408	1407
5487	1409	1408
5529	1410	1409
5530	1411	1410
5532	1412	1411
5533	1413	1412
5535	1414	1413
5537	1415	1414
5542	1416	1415
5549	1417	1416
5553	1418	1417
5555	1419	1418
5565	1420	1419
5571	1421	1420
5575	1422	1421
5581	1423	1422
5590	1424	1423
5594	1425	1424
5603	1426	1425
5604	1427	1426
5610	1428	1427
5613	1429	1428
5614	1430	1429
5616	1431	1430
5618	1432	1431
5619	1433	1432
5620	1434	1433
5623	1435	1434
5624	1436	1435
5629	1437	1436
5636	1438	1437
5638	1439	1438
5649	1440	1439
5650	1441	1440
5651	1442	1441
5653	1443	1442
5657	1444	1443
5658	1445	1444
5666	1446	1445
5667	1447	1446
5671	1448	1447
5678	1449	1448
5679	1450	1449
5681	1451	1450
5682	1452	1451
5683	1453	1452
5692	1454	1453
5695	1455	1454
5709	1456	1455
5710	1457	1456
5729	1458	1457
5733	1459	1458
5736	1460	1459
5742	1461	1460
5745	1462	1461
5750	1463	1462
5752	1464	1463
5769	1465	1464
5778	1466	1465
5780	1467	1466
5782	1468	1467
5786	1469	1468
5789	1470	1469
5792	1471	1470
5807	1472	1471
5809	1473	1472
5814	1474	1473
5828	1475	1474
5829	1476	1475
5833	1477	1476
5845	1478	1477
5846	1479	1478
5850	1480	1479
5851	1481	1480
5854	1482	1481
5867	1483	1482
5868	1484	1483
5876	1485	1484
5882	1486	1485
5886	1487	1486
5891	1488	1487
5892	1489	1488
5898	1490	1489
5899	1491	1490
5901	1492	1491
5906	1493	1492
5913	1494	1493
5914	1495	1494
5917	1496	1495
5927	1497	1496
5936	1498	1497
5940	1499	1498
5949	1500	1499
5954	1501	1500
5961	1502	1501
5966	1503	1502
5969	1504	1503
5977	1505	1504
5980	1506	1505
5995	1507	1506
6010	1508	1507
6030	1509	1508
6035	1510	1509
6039	1511	1510
6040	1512	1511
6043	1513	1512
6046	1514	1513
6048	1515	1514
6051	1516	1515
6052	1517	1516
6053	1518	1517
6056	1519	1518
6059	1520	1519
6071	1521	1520
6074	1522	1521
6081	1523	1522
6120	1524	1523
6123	1525	1524
6124	1526	1525
6137	1527	1526
6138	1528	1527
6151	1529	1528
6158	1530	1529
6160	1531	1530
6168	1532	1531
6170	1533	1532
6172	1534	1533
6180	1535	1534
6186	1536	1535
6187	1537	1536
6190	1538	1537
6194	1539	1538
6198	1540	1539
6200	1541	1540
6202	1542	1541
6203	1543	1542
6205	1544	1543
6211	1545	1544
6217	1546	1545
6221	1547	1546
6225	1548	1547
6230	1549	1548
6232	1550	1549
6233	1551	1550
6252	1552	1551
6271	1553	1552
6275	1554	1553
6289	1555	1554
6296	1556	1555
6298	1557	1556
6311	1558	1557
6319	1559	1558
6321	1560	1559
6322	1561	1560
6324	1562	1561
6325	1563	1562
6327	1564	1563
6328	1565	1564
6329	1566	1565
6330	1567	1566
6332	1568	1567
6334	1569	1568
6335	1570	1569
6346	1571	1570
6350	1572	1571
6357	1573	1572
6358	1574	1573
6365	1575	1574
6367	1576	1575
6378	1577	1576
6379	1578	1577
6381	1579	1578
6384	1580	1579
6390	1581	1580
6392	1582	1581
6393	1583	1582
6397	1584	1583
6398	1585	1584
6404	1586	1585
6409	1587	1586
6422	1588	1587
6432	1589	1588
6453	1590	1589
6454	1591	1590
6455	1592	1591
6458	1593	1592
6461	1594	1593
6463	1595	1594
6466	1596	1595
6479	1597	1596
6487	1598	1597
6500	1599	1598
6501	1600	1599
6503	1601	1600
6522	1602	1601
6530	1603	1602
6531	1604	1603
6542	1605	1604
6544	1606	1605
6546	1607	1606
6547	1608	1607
6548	1609	1608
6551	1610	1609
6553	1611	1610
6559	1612	1611
6562	1613	1612
6566	1614	1613
6568	1615	1614
6570	1616	1615
6571	1617	1616
6581	1618	1617
6583	1619	1618
6586	1620	1619
6587	1621	1620
6608	1622	1621
6611	1623	1622
6619	1624	1623
6621	1625	1624
6622	1626	1625
6623	1627	1626
6627	1628	1627
6629	1629	1628
6630	1630	1629
6633	1631	1630
6638	1632	1631
6642	1633	1632
6645	1634	1633
6648	1635	1634
6649	1636	1635
6650	1637	1636
6651	1638	1637
6652	1639	1638
6654	1640	1639
6655	1641	1640
6658	1642	1641
6660	1643	1642
6661	1644	1643
6663	1645	1644
6666	1646	1645
6667	1647	1646
6675	1648	1647
6679	1649	1648
6683	1650	1649
6687	1651	1650
6693	1652	1651
6695	1653	1652
6696	1654	1653
6697	1655	1654
6699	1656	1655
6704	1657	1656
6707	1658	1657
6711	1659	1658
6713	1660	1659
6714	1661	1660
6717	1662	1661
6724	1663	1662
6729	1664	1663
6730	1665	1664
6734	1666	1665
6735	1667	1666
6740	1668	1667
6743	1669	1668
6747	1670	1669
6752	1671	1670
6758	1672	1671
6764	1673	1672
6765	1674	1673
6768	1675	1674
6774	1676	1675
6779	1677	1676
6780	1678	1677
6785	1679	1678
6787	1680	1679
6788	1681	1680
6797	1682	1681
6798	1683	1682
6803	1684	1683
6805	1685	1684
6813	1686	1685
6815	1687	1686
6821	1688	1687
6827	1689	1688
6828	1690	1689
6837	1691	1690
6847	1692	1691
6851	1693	1692
6853	1694	1693
6859	1695	1694
6861	1696	1695
6862	1697	1696
6865	1698	1697
6873	1699	1698
6875	1700	1699
6876	1701	1700
6879	1702	1701
6886	1703	1702
6891	1704	1703
6893	1705	1704
6894	1706	1705
6895	1707	1706
6897	1708	1707
6898	1709	1708
6899	1710	1709
6902	1711	1710
6903	1712	1711
6910	1713	1712
6917	1714	1713
6928	1715	1714
6931	1716	1715
6933	1717	1716
6946	1718	1717
6956	1719	1718
6958	1720	1719
6960	1721	1720
6961	1722	1721
6983	1723	1722
6990	1724	1723
6991	1725	1724
7007	1726	1725
7009	1727	1726
7011	1728	1727
7021	1729	1728
7025	1730	1729
7038	1731	1730
7046	1732	1731
7050	1733	1732
7053	1734	1733
7057	1735	1734
7058	1736	1735
7061	1737	1736
7062	1738	1737
7074	1739	1738
7078	1740	1739
7080	1741	1740
7085	1742	1741
7091	1743	1742
7099	1744	1743
7102	1745	1744
7103	1746	1745
7104	1747	1746
7109	1748	1747
7117	1749	1748
7118	1750	1749
7130	1751	1750
7136	1752	1751
7140	1753	1752
7153	1754	1753
7157	1755	1754
7178	1756	1755
7183	1757	1756
7184	1758	1757
7186	1759	1758
7189	1760	1759
7191	1761	1760
7201	1762	1761
7205	1763	1762
7207	1764	1763
7211	1765	1764
7215	1766	1765
7221	1767	1766
7227	1768	1767
7228	1769	1768
7229	1770	1769
7231	1771	1770
7232	1772	1771
7233	1773	1772
7235	1774	1773
7242	1775	1774
7252	1776	1775
7259	1777	1776
7260	1778	1777
7263	1779	1778
7273	1780	1779
7275	1781	1780
7276	1782	1781
7278	1783	1782
7279	1784	1783
7280	1785	1784
7284	1786	1785
7286	1787	1786
7289	1788	1787
7290	1789	1788
7301	1790	1789
7315	1791	1790
7316	1792	1791
7318	1793	1792
7320	1794	1793
7343	1795	1794
7344	1796	1795
7345	1797	1796
7351	1798	1797
7352	1799	1798
7356	1800	1799
7357	1801	1800
7374	1802	1801
7376	1803	1802
7379	1804	1803
7382	1805	1804
7387	1806	1805
7397	1807	1806
7404	1808	1807
7408	1809	1808
7415	1810	1809
7421	1811	1810
7422	1812	1811
7426	1813	1812
7432	1814	1813
7434	1815	1814
7435	1816	1815
7438	1817	1816
7440	1818	1817
7445	1819	1818
7447	1820	1819
7448	1821	1820
7452	1822	1821
7472	1823	1822
7492	1824	1823
7501	1825	1824
7502	1826	1825
7507	1827	1826
7512	1828	1827
7514	1829	1828
7520	1830	1829
7526	1831	1830
7528	1832	1831
7532	1833	1832
7533	1834	1833
7536	1835	1834
7539	1836	1835
7540	1837	1836
7544	1838	1837
7551	1839	1838
7559	1840	1839
7560	1841	1840
7562	1842	1841
7569	1843	1842
7578	1844	1843
7580	1845	1844
7586	1846	1845
7587	1847	1846
7592	1848	1847
7595	1849	1848
7604	1850	1849
7642	1851	1850
7644	1852	1851
7645	1853	1852
7648	1854	1853
7650	1855	1854
7651	1856	1855
7655	1857	1856
7656	1858	1857
7657	1859	1858
7667	1860	1859
7668	1861	1860
7672	1862	1861
7679	1863	1862
7681	1864	1863
7691	1865	1864
7697	1866	1865
7717	1867	1866
7722	1868	1867
7723	1869	1868
7724	1870	1869
7725	1871	1870
7727	1872	1871
7728	1873	1872
7733	1874	1873
7735	1875	1874
7736	1876	1875
7748	1877	1876
7780	1878	1877
7802	1879	1878
7805	1880	1879
7822	1881	1880
7823	1882	1881
7824	1883	1882
7826	1884	1883
7836	1885	1884
7849	1886	1885
7852	1887	1886
7859	1888	1887
7865	1889	1888
7868	1890	1889
7869	1891	1890
7871	1892	1891
7872	1893	1892
7874	1894	1893
7879	1895	1894
7881	1896	1895
7885	1897	1896
7892	1898	1897
7893	1899	1898
7898	1900	1899
7899	1901	1900
7900	1902	1901
7903	1903	1902
7905	1904	1903
7913	1905	1904
7914	1906	1905
7918	1907	1906
7925	1908	1907
7928	1909	1908
7936	1910	1909
7940	1911	1910
7945	1912	1911
7955	1913	1912
7962	1914	1913
7966	1915	1914
7970	1916	1915
8006	1917	1916
8019	1918	1917
8020	1919	1918
8021	1920	1919
8022	1921	1920
8023	1922	1921
8026	1923	1922
8027	1924	1923
8044	1925	1924
8046	1926	1925
8058	1927	1926
8059	1928	1927
8060	1929	1928
8066	1930	1929
8073	1931	1930
8074	1932	1931
8077	1933	1932
8078	1934	1933
8082	1935	1934
8084	1936	1935
8087	1937	1936
8091	1938	1937
8092	1939	1938
8097	1940	1939
8101	1941	1940
8107	1942	1941
8110	1943	1942
8113	1944	1943
8114	1945	1944
8116	1946	1945
8117	1947	1946
8122	1948	1947
8129	1949	1948
8140	1950	1949
8141	1951	1950
8150	1952	1951
8152	1953	1952
8157	1954	1953
8158	1955	1954
8159	1956	1955
8160	1957	1956
8164	1958	1957
8166	1959	1958
8171	1960	1959
8173	1961	1960
8174	1962	1961
8177	1963	1962
8179	1964	1963
8185	1965	1964
8198	1966	1965
8199	1967	1966
8208	1968	1967
8214	1969	1968
8215	1970	1969
8216	1971	1970
8217	1972	1971
8223	1973	1972
8229	1974	1973
8244	1975	1974
8247	1976	1975
8248	1977	1976
8255	1978	1977
8257	1979	1978
8258	1980	1979
8259	1981	1980
8266	1982	1981
8267	1983	1982
8268	1984	1983
8278	1985	1984
8279	1986	1985
8280	1987	1986
8282	1988	1987
8307	1989	1988
8311	1990	1989
8320	1991	1990
8326	1992	1991
8333	1993	1992
8341	1994	1993
8353	1995	1994
8354	1996	1995
8358	1997	1996
8361	1998	1997
8368	1999	1998
8369	2000	1999
8374	2001	2000
8380	2002	2001
8384	2003	2002
8392	2004	2003
8403	2005	2004
8405	2006	2005
8424	2007	2006
8428	2008	2007
8429	2009	2008
8431	2010	2009
8441	2011	2010
8450	2012	2011
8458	2013	2012
8459	2014	2013
8460	2015	2014
8464	2016	2015
8470	2017	2016
8472	2018	2017
8474	2019	2018
8476	2020	2019
8479	2021	2020
8481	2022	2021
8483	2023	2022
8493	2024	2023
8495	2025	2024
8497	2026	2025
8501	2027	2026
8503	2028	2027
8504	2029	2028
8507	2030	2029
8510	2031	2030
8513	2032	2031
8516	2033	2032
8542	2034	2033
8545	2035	2034
8547	2036	2035
8553	2037	2036
8556	2038	2037
8560	2039	2038
8561	2040	2039
8564	2041	2040
8565	2042	2041
8570	2043	2042
8571	2044	2043
8575	2045	2044
8581	2046	2045
8583	2047	2046
8584	2048	2047
8591	2049	2048
8596	2050	2049
8598	2051	2050
8600	2052	2051
8602	2053	2052
8603	2054	2053
8605	2055	2054
8608	2056	2055
8621	2057	2056
8633	2058	2057
8649	2059	2058
8651	2060	2059
8658	2061	2060
8660	2062	2061
8671	2063	2062
8673	2064	2063
8674	2065	2064
8676	2066	2065
8678	2067	2066
8680	2068	2067
8702	2069	2068
8712	2070	2069
8715	2071	2070
8718	2072	2071
8724	2073	2072
8726	2074	2073
8728	2075	2074
8737	2076	2075
8738	2077	2076
8745	2078	2077
8750	2079	2078
8754	2080	2079
8755	2081	2080
8756	2082	2081
8759	2083	2082
8761	2084	2083
8765	2085	2084
8767	2086	2085
8773	2087	2086
8774	2088	2087
8779	2089	2088
8782	2090	2089
8790	2091	2090
8796	2092	2091
8798	2093	2092
8799	2094	2093
8803	2095	2094
8804	2096	2095
8812	2097	2096
8813	2098	2097
8816	2099	2098
8822	2100	2099
8828	2101	2100
8833	2102	2101
8836	2103	2102
8840	2104	2103
8845	2105	2104
8849	2106	2105
8850	2107	2106
8852	2108	2107
8856	2109	2108
8857	2110	2109
8858	2111	2110
8859	2112	2111
8861	2113	2112
8868	2114	2113
8881	2115	2114
8883	2116	2115
8884	2117	2116
8897	2118	2117
8904	2119	2118
8906	2120	2119
8910	2121	2120
8911	2122	2121
8919	2123	2122
8936	2124	2123
8954	2125	2124
8955	2126	2125
8956	2127	2126
8957	2128	2127
8960	2129	2128
8963	2130	2129
8975	2131	2130
8977	2132	2131
8984	2133	2132
8998	2134	2133
9008	2135	2134
9011	2136	2135
9017	2137	2136
9021	2138	2137
9023	2139	2138
9030	2140	2139
9038	2141	2140
9040	2142	2141
9045	2143	2142
9048	2144	2143
9054	2145	2144
9059	2146	2145
9076	2147	2146
9079	2148	2147
9084	2149	2148
9108	2150	2149
9118	2151	2150
9126	2152	2151
9128	2153	2152
9129	2154	2153
9133	2155	2154
9134	2156	2155
9138	2157	2156
9141	2158	2157
9144	2159	2158
9155	2160	2159
9157	2161	2160
9160	2162	2161
9187	2163	2162
9193	2164	2163
9194	2165	2164
9204	2166	2165
9205	2167	2166
9207	2168	2167
9208	2169	2168
9210	2170	2169
9222	2171	2170
9224	2172	2171
9226	2173	2172
9229	2174	2173
9232	2175	2174
9234	2176	2175
9235	2177	2176
9248	2178	2177
9251	2179	2178
9252	2180	2179
9253	2181	2180
9255	2182	2181
9258	2183	2182
9259	2184	2183
9262	2185	2184
9266	2186	2185
9284	2187	2186
9289	2188	2187
9294	2189	2188
9299	2190	2189
9300	2191	2190
9305	2192	2191
9318	2193	2192
9319	2194	2193
9321	2195	2194
9322	2196	2195
9329	2197	2196
9332	2198	2197
9341	2199	2198
9344	2200	2199
9369	2201	2200
9370	2202	2201
9371	2203	2202
9382	2204	2203
9383	2205	2204
9389	2206	2205
9390	2207	2206
9391	2208	2207
9394	2209	2208
9399	2210	2209
9400	2211	2210
9402	2212	2211
9407	2213	2212
9416	2214	2213
9417	2215	2214
9427	2216	2215
9428	2217	2216
9431	2218	2217
9439	2219	2218
9440	2220	2219
9442	2221	2220
9459	2222	2221
9465	2223	2222
9479	2224	2223
9480	2225	2224
9483	2226	2225
9484	2227	2226
9492	2228	2227
9494	2229	2228
9495	2230	2229
9499	2231	2230
9513	2232	2231
9514	2233	2232
9516	2234	2233
9528	2235	2234
9540	2236	2235
9544	2237	2236
9553	2238	2237
9554	2239	2238
9556	2240	2239
9559	2241	2240
9563	2242	2241
9565	2243	2242
9591	2244	2243
9592	2245	2244
9595	2246	2245
9596	2247	2246
9600	2248	2247
9609	2249	2248
9610	2250	2249
9626	2251	2250
9628	2252	2251
9629	2253	2252
9630	2254	2253
9632	2255	2254
9634	2256	2255
9637	2257	2256
9644	2258	2257
9653	2259	2258
9655	2260	2259
9656	2261	2260
9660	2262	2261
9665	2263	2262
9669	2264	2263
9672	2265	2264
9674	2266	2265
9678	2267	2266
9679	2268	2267
9681	2269	2268
9684	2270	2269
9685	2271	2270
9689	2272	2271
9700	2273	2272
9701	2274	2273
9706	2275	2274
9713	2276	2275
9720	2277	2276
9730	2278	2277
9731	2279	2278
9734	2280	2279
9763	2281	2280
9766	2282	2281
9768	2283	2282
9772	2284	2283
9782	2285	2284
9799	2286	2285
9800	2287	2286
9805	2288	2287
9813	2289	2288
9821	2290	2289
9823	2291	2290
9827	2292	2291
9829	2293	2292
9830	2294	2293
9833	2295	2294
9834	2296	2295
9836	2297	2296
9847	2298	2297
9860	2299	2298
9862	2300	2299
9864	2301	2300
9868	2302	2301
9869	2303	2302
9874	2304	2303
9877	2305	2304
9880	2306	2305
9887	2307	2306
9888	2308	2307
9889	2309	2308
9892	2310	2309
9893	2311	2310
9902	2312	2311
9903	2313	2312
9904	2314	2313
9916	2315	2314
9920	2316	2315
9924	2317	2316
9927	2318	2317
9928	2319	2318
9936	2320	2319
9940	2321	2320
9941	2322	2321
9959	2323	2322
9963	2324	2323
9965	2325	2324
9969	2326	2325
9971	2327	2326
9976	2328	2327
9986	2329	2328
9994	2330	2329
9997	2331	2330
9999	2332	2331
10007	2333	2332
10010	2334	2333
10014	2335	2334
10016	2336	2335
10017	2337	2336
10022	2338	2337
10023	2339	2338
10024	2340	2339
10026	2341	2340
10041	2342	2341
10050	2343	2342
10056	2344	2343
10062	2345	2344
10072	2346	2345
10078	2347	2346
10080	2348	2347
10088	2349	2348
10089	2350	2349
10095	2351	2350
10097	2352	2351
10100	2353	2352
10110	2354	2353
10115	2355	2354
10120	2356	2355
10122	2357	2356
10125	2358	2357
10126	2359	2358
10134	2360	2359
10142	2361	2360
10151	2362	2361
10152	2363	2362
10156	2364	2363
10163	2365	2364
10164	2366	2365
10166	2367	2366
10169	2368	2367
10172	2369	2368
10174	2370	2369
10176	2371	2370
10182	2372	2371
10184	2373	2372
10190	2374	2373
10191	2375	2374
10197	2376	2375
10210	2377	2376
10216	2378	2377
10218	2379	2378
10219	2380	2379
10222	2381	2380
10223	2382	2381
10233	2383	2382
10234	2384	2383
10245	2385	2384
10248	2386	2385
10249	2387	2386
10250	2388	2387
10254	2389	2388
10263	2390	2389
10264	2391	2390
10271	2392	2391
10274	2393	2392
10281	2394	2393
10289	2395	2394
10304	2396	2395
10305	2397	2396
10311	2398	2397
10313	2399	2398
10315	2400	2399
10317	2401	2400
10318	2402	2401
10320	2403	2402
10322	2404	2403
10325	2405	2404
10331	2406	2405
10333	2407	2406
10335	2408	2407
10336	2409	2408
10337	2410	2409
10339	2411	2410
10345	2412	2411
10351	2413	2412
10355	2414	2413
10358	2415	2414
10359	2416	2415
10361	2417	2416
10362	2418	2417
10363	2419	2418
10364	2420	2419
10365	2421	2420
10375	2422	2421
10393	2423	2422
10395	2424	2423
10397	2425	2424
10398	2426	2425
10400	2427	2426
10401	2428	2427
10405	2429	2428
10412	2430	2429
10413	2431	2430
10414	2432	2431
10415	2433	2432
10416	2434	2433
10418	2435	2434
10421	2436	2435
10428	2437	2436
10432	2438	2437
10433	2439	2438
10447	2440	2439
10455	2441	2440
10459	2442	2441
10461	2443	2442
10462	2444	2443
10463	2445	2444
10467	2446	2445
10472	2447	2446
10479	2448	2447
10496	2449	2448
10509	2450	2449
10514	2451	2450
10515	2452	2451
10517	2453	2452
10522	2454	2453
10523	2455	2454
10524	2456	2455
10525	2457	2456
10529	2458	2457
10539	2459	2458
10541	2460	2459
10543	2461	2460
10547	2462	2461
10548	2463	2462
10554	2464	2463
10556	2465	2464
10558	2466	2465
10559	2467	2466
10561	2468	2467
10563	2469	2468
10564	2470	2469
10571	2471	2470
10574	2472	2471
10582	2473	2472
10584	2474	2473
10596	2475	2474
10599	2476	2475
10613	2477	2476
10616	2478	2477
10618	2479	2478
10619	2480	2479
10624	2481	2480
10630	2482	2481
10637	2483	2482
10638	2484	2483
10639	2485	2484
10640	2486	2485
10647	2487	2486
10655	2488	2487
10656	2489	2488
10657	2490	2489
10661	2491	2490
10662	2492	2491
10663	2493	2492
10668	2494	2493
10670	2495	2494
10673	2496	2495
10679	2497	2496
10680	2498	2497
10685	2499	2498
10686	2500	2499
10694	2501	2500
10695	2502	2501
10699	2503	2502
10708	2504	2503
10717	2505	2504
10719	2506	2505
10720	2507	2506
10729	2508	2507
10742	2509	2508
10745	2510	2509
10746	2511	2510
10747	2512	2511
10753	2513	2512
10756	2514	2513
10761	2515	2514
10763	2516	2515
10764	2517	2516
10766	2518	2517
10769	2519	2518
10793	2520	2519
10808	2521	2520
10811	2522	2521
10820	2523	2522
10825	2524	2523
10828	2525	2524
10829	2526	2525
10837	2527	2526
10843	2528	2527
10850	2529	2528
10867	2530	2529
10871	2531	2530
10891	2532	2531
10894	2533	2532
10899	2534	2533
10908	2535	2534
10910	2536	2535
10913	2537	2536
10939	2538	2537
10953	2539	2538
10960	2540	2539
10964	2541	2540
10968	2542	2541
10976	2543	2542
10977	2544	2543
10979	2545	2544
10982	2546	2545
10988	2547	2546
10990	2548	2547
10992	2549	2548
10999	2550	2549
11002	2551	2550
11021	2552	2551
11036	2553	2552
11041	2554	2553
11042	2555	2554
11043	2556	2555
11045	2557	2556
11050	2558	2557
11053	2559	2558
11055	2560	2559
11064	2561	2560
11066	2562	2561
11069	2563	2562
11074	2564	2563
11076	2565	2564
11078	2566	2565
11082	2567	2566
11087	2568	2567
11092	2569	2568
11098	2570	2569
11101	2571	2570
11105	2572	2571
11107	2573	2572
11110	2574	2573
11111	2575	2574
11113	2576	2575
11120	2577	2576
11124	2578	2577
11126	2579	2578
11128	2580	2579
11129	2581	2580
11131	2582	2581
11133	2583	2582
11149	2584	2583
11150	2585	2584
11176	2586	2585
11179	2587	2586
11181	2588	2587
11191	2589	2588
11192	2590	2589
11200	2591	2590
11201	2592	2591
11202	2593	2592
11204	2594	2593
11208	2595	2594
11222	2596	2595
11233	2597	2596
11234	2598	2597
11240	2599	2598
11242	2600	2599
11243	2601	2600
11244	2602	2601
11249	2603	2602
11252	2604	2603
11253	2605	2604
11272	2606	2605
11282	2607	2606
11284	2608	2607
11287	2609	2608
11289	2610	2609
11309	2611	2610
11315	2612	2611
11319	2613	2612
11331	2614	2613
11343	2615	2614
11351	2616	2615
11360	2617	2616
11377	2618	2617
11378	2619	2618
11380	2620	2619
11381	2621	2620
11382	2622	2621
11389	2623	2622
11392	2624	2623
11397	2625	2624
11409	2626	2625
11418	2627	2626
11421	2628	2627
11423	2629	2628
11424	2630	2629
11426	2631	2630
11434	2632	2631
11438	2633	2632
11440	2634	2633
11450	2635	2634
11452	2636	2635
11453	2637	2636
11457	2638	2637
11463	2639	2638
11464	2640	2639
11466	2641	2640
11471	2642	2641
11479	2643	2642
11484	2644	2643
11487	2645	2644
11494	2646	2645
11499	2647	2646
11501	2648	2647
11510	2649	2648
11520	2650	2649
11531	2651	2650
11537	2652	2651
11548	2653	2652
11552	2654	2653
11553	2655	2654
11556	2656	2655
11559	2657	2656
11578	2658	2657
11583	2659	2658
11588	2660	2659
11592	2661	2660
11602	2662	2661
11603	2663	2662
11622	2664	2663
11627	2665	2664
11630	2666	2665
11631	2667	2666
11633	2668	2667
11634	2669	2668
11638	2670	2669
11639	2671	2670
11646	2672	2671
11647	2673	2672
11651	2674	2673
11652	2675	2674
11653	2676	2675
11654	2677	2676
11655	2678	2677
11656	2679	2678
11659	2680	2679
11660	2681	2680
11663	2682	2681
11664	2683	2682
11667	2684	2683
11668	2685	2684
11671	2686	2685
11676	2687	2686
11677	2688	2687
11682	2689	2688
11685	2690	2689
11686	2691	2690
11687	2692	2691
11700	2693	2692
11703	2694	2693
11712	2695	2694
11716	2696	2695
11718	2697	2696
11723	2698	2697
11725	2699	2698
11726	2700	2699
11727	2701	2700
11730	2702	2701
11738	2703	2702
11739	2704	2703
11748	2705	2704
11749	2706	2705
11762	2707	2706
11766	2708	2707
11768	2709	2708
11770	2710	2709
11771	2711	2710
11775	2712	2711
11777	2713	2712
11804	2714	2713
11809	2715	2714
11811	2716	2715
11817	2717	2716
11824	2718	2717
11834	2719	2718
11849	2720	2719
11855	2721	2720
11862	2722	2721
11874	2723	2722
11881	2724	2723
11883	2725	2724
11884	2726	2725
11889	2727	2726
11898	2728	2727
11905	2729	2728
11909	2730	2729
11910	2731	2730
11913	2732	2731
11917	2733	2732
11920	2734	2733
11928	2735	2734
11929	2736	2735
11936	2737	2736
11937	2738	2737
11939	2739	2738
11950	2740	2739
11953	2741	2740
11958	2742	2741
11966	2743	2742
11968	2744	2743
11971	2745	2744
11982	2746	2745
11983	2747	2746
11987	2748	2747
11993	2749	2748
11995	2750	2749
12003	2751	2750
12004	2752	2751
12006	2753	2752
12014	2754	2753
12015	2755	2754
12019	2756	2755
12032	2757	2756
12039	2758	2757
12044	2759	2758
12049	2760	2759
12050	2761	2760
12052	2762	2761
12053	2763	2762
12054	2764	2763
12059	2765	2764
12060	2766	2765
12061	2767	2766
12065	2768	2767
12066	2769	2768
12073	2770	2769
12082	2771	2770
12083	2772	2771
12085	2773	2772
12086	2774	2773
12088	2775	2774
12095	2776	2775
12097	2777	2776
12105	2778	2777
12111	2779	2778
12113	2780	2779
12121	2781	2780
12123	2782	2781
12130	2783	2782
12131	2784	2783
12132	2785	2784
12135	2786	2785
12137	2787	2786
12138	2788	2787
12139	2789	2788
12140	2790	2789
12151	2791	2790
12170	2792	2791
12191	2793	2792
12197	2794	2793
12198	2795	2794
12201	2796	2795
12203	2797	2796
12205	2798	2797
12211	2799	2798
12229	2800	2799
12233	2801	2800
12234	2802	2801
12237	2803	2802
12241	2804	2803
12243	2805	2804
12247	2806	2805
12254	2807	2806
12256	2808	2807
12259	2809	2808
12260	2810	2809
12261	2811	2810
12263	2812	2811
12266	2813	2812
12267	2814	2813
12268	2815	2814
12273	2816	2815
12277	2817	2816
12280	2818	2817
12284	2819	2818
12288	2820	2819
12291	2821	2820
12299	2822	2821
12309	2823	2822
12315	2824	2823
12316	2825	2824
12318	2826	2825
12330	2827	2826
12333	2828	2827
12340	2829	2828
12343	2830	2829
12349	2831	2830
12353	2832	2831
12360	2833	2832
12363	2834	2833
12367	2835	2834
12370	2836	2835
12372	2837	2836
12376	2838	2837
12379	2839	2838
12386	2840	2839
12389	2841	2840
12394	2842	2841
12396	2843	2842
12403	2844	2843
12404	2845	2844
12408	2846	2845
12409	2847	2846
12414	2848	2847
12416	2849	2848
12429	2850	2849
12437	2851	2850
12484	2852	2851
12485	2853	2852
12486	2854	2853
12488	2855	2854
12492	2856	2855
12495	2857	2856
12498	2858	2857
12505	2859	2858
12517	2860	2859
12527	2861	2860
12538	2862	2861
12556	2863	2862
12567	2864	2863
12569	2865	2864
12571	2866	2865
12572	2867	2866
12574	2868	2867
12576	2869	2868
12582	2870	2869
12595	2871	2870
12604	2872	2871
12630	2873	2872
12635	2874	2873
12636	2875	2874
12644	2876	2875
12647	2877	2876
12651	2878	2877
12658	2879	2878
12661	2880	2879
12663	2881	2880
12665	2882	2881
12668	2883	2882
12670	2884	2883
12674	2885	2884
12677	2886	2885
12690	2887	2886
12707	2888	2887
12723	2889	2888
12725	2890	2889
12726	2891	2890
12729	2892	2891
12733	2893	2892
12734	2894	2893
12735	2895	2894
12740	2896	2895
12742	2897	2896
12756	2898	2897
12760	2899	2898
12777	2900	2899
12821	2901	2900
12823	2902	2901
12827	2903	2902
12832	2904	2903
12835	2905	2904
12838	2906	2905
12842	2907	2906
12850	2908	2907
12865	2909	2908
12876	2910	2909
12918	2911	2910
12928	2912	2911
12958	2913	2912
12959	2914	2913
12960	2915	2914
12961	2916	2915
12962	2917	2916
12971	2918	2917
12974	2919	2918
12976	2920	2919
12977	2921	2920
12987	2922	2921
12988	2923	2922
12990	2924	2923
12991	2925	2924
12994	2926	2925
12998	2927	2926
13007	2928	2927
13010	2929	2928
13014	2930	2929
13034	2931	2930
13035	2932	2931
13041	2933	2932
13049	2934	2933
13057	2935	2934
13063	2936	2935
13064	2937	2936
13079	2938	2937
13112	2939	2938
13116	2940	2939
13127	2941	2940
13133	2942	2941
13136	2943	2942
13156	2944	2943
13159	2945	2944
13163	2946	2945
13176	2947	2946
13177	2948	2947
13178	2949	2948
13179	2950	2949
13185	2951	2950
13211	2952	2951
13216	2953	2952
13219	2954	2953
13227	2955	2954
13228	2956	2955
13230	2957	2956
13236	2958	2957
13246	2959	2958
13247	2960	2959
13253	2961	2960
13258	2962	2961
13268	2963	2962
13272	2964	2963
13274	2965	2964
13277	2966	2965
13281	2967	2966
13285	2968	2967
13308	2969	2968
13318	2970	2969
13331	2971	2970
13333	2972	2971
13338	2973	2972
13339	2974	2973
13343	2975	2974
13347	2976	2975
13351	2977	2976
13352	2978	2977
13355	2979	2978
13356	2980	2979
13364	2981	2980
13368	2982	2981
13385	2983	2982
13386	2984	2983
13387	2985	2984
13393	2986	2985
13395	2987	2986
13396	2988	2987
13398	2989	2988
13400	2990	2989
13401	2991	2990
13409	2992	2991
13417	2993	2992
13418	2994	2993
13427	2995	2994
13431	2996	2995
13432	2997	2996
13435	2998	2997
13436	2999	2998
13437	3000	2999
13441	3001	3000
13443	3002	3001
13445	3003	3002
13446	3004	3003
13447	3005	3004
13450	3006	3005
13451	3007	3006
13453	3008	3007
13454	3009	3008
13499	3010	3009
13504	3011	3010
13510	3012	3011
13515	3013	3012
13521	3014	3013
13522	3015	3014
13524	3016	3015
13526	3017	3016
13527	3018	3017
13532	3019	3018
13545	3020	3019
13546	3021	3020
13548	3022	3021
13558	3023	3022
13567	3024	3023
13579	3025	3024
13585	3026	3025
13586	3027	3026
13588	3028	3027
13599	3029	3028
13601	3030	3029
13606	3031	3030
13607	3032	3031
13612	3033	3032
13613	3034	3033
13622	3035	3034
13625	3036	3035
13629	3037	3036
13633	3038	3037
13634	3039	3038
13638	3040	3039
13664	3041	3040
13669	3042	3041
13678	3043	3042
13686	3044	3043
13695	3045	3044
13696	3046	3045
13714	3047	3046
13715	3048	3047
13720	3049	3048
13732	3050	3049
13736	3051	3050
13738	3052	3051
13741	3053	3052
13748	3054	3053
13750	3055	3054
13751	3056	3055
13752	3057	3056
13754	3058	3057
13770	3059	3058
13771	3060	3059
13772	3061	3060
13775	3062	3061
13778	3063	3062
13796	3064	3063
13808	3065	3064
13813	3066	3065
13820	3067	3066
13822	3068	3067
13823	3069	3068
13827	3070	3069
13829	3071	3070
13843	3072	3071
13844	3073	3072
13846	3074	3073
13848	3075	3074
13873	3076	3075
13877	3077	3076
13878	3078	3077
13880	3079	3078
13882	3080	3079
13884	3081	3080
13887	3082	3081
13889	3083	3082
13891	3084	3083
13902	3085	3084
13908	3086	3085
13913	3087	3086
13914	3088	3087
13915	3089	3088
13917	3090	3089
13931	3091	3090
13932	3092	3091
13935	3093	3092
13941	3094	3093
13942	3095	3094
13943	3096	3095
13948	3097	3096
13952	3098	3097
13957	3099	3098
13966	3100	3099
13967	3101	3100
13968	3102	3101
13971	3103	3102
13988	3104	3103
13995	3105	3104
14002	3106	3105
14005	3107	3106
14012	3108	3107
14013	3109	3108
14019	3110	3109
14020	3111	3110
14021	3112	3111
14022	3113	3112
14024	3114	3113
14034	3115	3114
14053	3116	3115
14055	3117	3116
14062	3118	3117
14072	3119	3118
14073	3120	3119
14079	3121	3120
14080	3122	3121
14083	3123	3122
14089	3124	3123
14092	3125	3124
14093	3126	3125
14107	3127	3126
14108	3128	3127
14109	3129	3128
14110	3130	3129
14117	3131	3130
14118	3132	3131
14120	3133	3132
14136	3134	3133
14137	3135	3134
14138	3136	3135
14139	3137	3136
14141	3138	3137
14142	3139	3138
14147	3140	3139
14148	3141	3140
14151	3142	3141
14153	3143	3142
14155	3144	3143
14162	3145	3144
14185	3146	3145
14186	3147	3146
14189	3148	3147
14206	3149	3148
14219	3150	3149
14220	3151	3150
14222	3152	3151
14231	3153	3152
14232	3154	3153
14233	3155	3154
14236	3156	3155
14239	3157	3156
14242	3158	3157
14254	3159	3158
14256	3160	3159
14264	3161	3160
14279	3162	3161
14308	3163	3162
14323	3164	3163
14327	3165	3164
14329	3166	3165
14344	3167	3166
14345	3168	3167
14347	3169	3168
14348	3170	3169
14350	3171	3170
14352	3172	3171
14354	3173	3172
14356	3174	3173
14361	3175	3174
14362	3176	3175
14371	3177	3176
14372	3178	3177
14373	3179	3178
14388	3180	3179
14391	3181	3180
14392	3182	3181
14394	3183	3182
14395	3184	3183
14396	3185	3184
14401	3186	3185
14435	3187	3186
14436	3188	3187
14443	3189	3188
14444	3190	3189
14450	3191	3190
14451	3192	3191
14456	3193	3192
14461	3194	3193
14468	3195	3194
14469	3196	3195
14474	3197	3196
14476	3198	3197
14483	3199	3198
14485	3200	3199
14494	3201	3200
14501	3202	3201
14507	3203	3202
14511	3204	3203
14518	3205	3204
14521	3206	3205
14529	3207	3206
14538	3208	3207
14540	3209	3208
14553	3210	3209
14569	3211	3210
14574	3212	3211
14578	3213	3212
14599	3214	3213
14621	3215	3214
14625	3216	3215
14626	3217	3216
14628	3218	3217
14636	3219	3218
14638	3220	3219
14670	3221	3220
14672	3222	3221
14673	3223	3222
14675	3224	3223
14702	3225	3224
14704	3226	3225
14706	3227	3226
14726	3228	3227
14728	3229	3228
14735	3230	3229
14743	3231	3230
14749	3232	3231
14751	3233	3232
14752	3234	3233
14754	3235	3234
14760	3236	3235
14766	3237	3236
14772	3238	3237
14780	3239	3238
14794	3240	3239
14798	3241	3240
14802	3242	3241
14828	3243	3242
14833	3244	3243
14840	3245	3244
14845	3246	3245
14853	3247	3246
14876	3248	3247
14878	3249	3248
14879	3250	3249
14886	3251	3250
14888	3252	3251
14890	3253	3252
14891	3254	3253
14894	3255	3254
14895	3256	3255
14905	3257	3256
14908	3258	3257
14913	3259	3258
14914	3260	3259
14919	3261	3260
14926	3262	3261
14937	3263	3262
14938	3264	3263
14942	3265	3264
14947	3266	3265
14948	3267	3266
14954	3268	3267
14959	3269	3268
14960	3270	3269
14961	3271	3270
14967	3272	3271
14983	3273	3272
14985	3274	3273
15005	3275	3274
15008	3276	3275
15013	3277	3276
15021	3278	3277
15024	3279	3278
15027	3280	3279
15028	3281	3280
15033	3282	3281
15038	3283	3282
15048	3284	3283
15049	3285	3284
15063	3286	3285
15064	3287	3286
15065	3288	3287
15068	3289	3288
15069	3290	3289
15074	3291	3290
15085	3292	3291
15086	3293	3292
15087	3294	3293
15100	3295	3294
15101	3296	3295
15118	3297	3296
15120	3298	3297
15122	3299	3298
15124	3300	3299
15134	3301	3300
15145	3302	3301
15148	3303	3302
15153	3304	3303
15159	3305	3304
15161	3306	3305
15163	3307	3306
15165	3308	3307
15173	3309	3308
15179	3310	3309
15181	3311	3310
15203	3312	3311
15205	3313	3312
15215	3314	3313
15220	3315	3314
15235	3316	3315
15240	3317	3316
15249	3318	3317
15270	3319	3318
15296	3320	3319
15307	3321	3320
15328	3322	3321
15333	3323	3322
15351	3324	3323
15355	3325	3324
15375	3326	3325
15378	3327	3326
15387	3328	3327
15388	3329	3328
15395	3330	3329
15396	3331	3330
15410	3332	3331
15412	3333	3332
15422	3334	3333
15431	3335	3334
15439	3336	3335
15444	3337	3336
15446	3338	3337
15448	3339	3338
15452	3340	3339
15465	3341	3340
15466	3342	3341
15469	3343	3342
15498	3344	3343
15510	3345	3344
15513	3346	3345
15517	3347	3346
15527	3348	3347
15533	3349	3348
15537	3350	3349
15538	3351	3350
15544	3352	3351
15548	3353	3352
15551	3354	3353
15564	3355	3354
15566	3356	3355
15569	3357	3356
15571	3358	3357
15572	3359	3358
15574	3360	3359
15579	3361	3360
15583	3362	3361
15584	3363	3362
15587	3364	3363
15590	3365	3364
15593	3366	3365
15594	3367	3366
15595	3368	3367
15600	3369	3368
15605	3370	3369
15613	3371	3370
15614	3372	3371
15619	3373	3372
15626	3374	3373
15627	3375	3374
15641	3376	3375
15642	3377	3376
15652	3378	3377
15664	3379	3378
15665	3380	3379
15668	3381	3380
15669	3382	3381
15673	3383	3382
15674	3384	3383
15677	3385	3384
15678	3386	3385
15679	3387	3386
15680	3388	3387
15685	3389	3388
15686	3390	3389
15691	3391	3390
15703	3392	3391
15707	3393	3392
15724	3394	3393
15740	3395	3394
15748	3396	3395
15749	3397	3396
15754	3398	3397
15760	3399	3398
15761	3400	3399
15770	3401	3400
15772	3402	3401
15781	3403	3402
15793	3404	3403
15797	3405	3404
15800	3406	3405
15802	3407	3406
15819	3408	3407
15823	3409	3408
15845	3410	3409
15851	3411	3410
15854	3412	3411
15859	3413	3412
15864	3414	3413
15865	3415	3414
15868	3416	3415
15869	3417	3416
15871	3418	3417
15878	3419	3418
15879	3420	3419
15880	3421	3420
15884	3422	3421
15885	3423	3422
15889	3424	3423
15897	3425	3424
15911	3426	3425
15918	3427	3426
15921	3428	3427
15923	3429	3428
15924	3430	3429
15927	3431	3430
15942	3432	3431
15959	3433	3432
15967	3434	3433
15973	3435	3434
15977	3436	3435
15979	3437	3436
15981	3438	3437
15983	3439	3438
15987	3440	3439
15991	3441	3440
15994	3442	3441
15995	3443	3442
16012	3444	3443
16025	3445	3444
16028	3446	3445
16040	3447	3446
16047	3448	3447
16053	3449	3448
16061	3450	3449
16062	3451	3450
16063	3452	3451
16076	3453	3452
16083	3454	3453
16084	3455	3454
16097	3456	3455
16100	3457	3456
16101	3458	3457
16104	3459	3458
16107	3460	3459
16125	3461	3460
16133	3462	3461
16140	3463	3462
16151	3464	3463
16156	3465	3464
16157	3466	3465
16172	3467	3466
16175	3468	3467
16198	3469	3468
16207	3470	3469
16238	3471	3470
16247	3472	3471
16266	3473	3472
16269	3474	3473
16284	3475	3474
16290	3476	3475
16304	3477	3476
16314	3478	3477
16316	3479	3478
16322	3480	3479
16323	3481	3480
16352	3482	3481
16357	3483	3482
16358	3484	3483
16373	3485	3484
16380	3486	3485
16386	3487	3486
16388	3488	3487
16405	3489	3488
16407	3490	3489
16411	3491	3490
16426	3492	3491
16432	3493	3492
16435	3494	3493
16437	3495	3494
16447	3496	3495
16458	3497	3496
16467	3498	3497
16501	3499	3498
16503	3500	3499
16505	3501	3500
16506	3502	3501
16519	3503	3502
16531	3504	3503
16561	3505	3504
16565	3506	3505
16568	3507	3506
16570	3508	3507
16575	3509	3508
16585	3510	3509
16598	3511	3510
16631	3512	3511
16634	3513	3512
16643	3514	3513
16649	3515	3514
16655	3516	3515
16662	3517	3516
16666	3518	3517
16667	3519	3518
16674	3520	3519
16676	3521	3520
16679	3522	3521
16680	3523	3522
16682	3524	3523
16688	3525	3524
16690	3526	3525
16691	3527	3526
16692	3528	3527
16695	3529	3528
16699	3530	3529
16700	3531	3530
16702	3532	3531
16707	3533	3532
16709	3534	3533
16713	3535	3534
16718	3536	3535
16732	3537	3536
16740	3538	3537
16744	3539	3538
16745	3540	3539
16746	3541	3540
16757	3542	3541
16763	3543	3542
16764	3544	3543
16766	3545	3544
16767	3546	3545
16770	3547	3546
16774	3548	3547
16779	3549	3548
16806	3550	3549
16809	3551	3550
16823	3552	3551
16838	3553	3552
16840	3554	3553
16841	3555	3554
16843	3556	3555
16847	3557	3556
16850	3558	3557
16855	3559	3558
16859	3560	3559
16864	3561	3560
16868	3562	3561
16873	3563	3562
16877	3564	3563
16879	3565	3564
16883	3566	3565
16884	3567	3566
16885	3568	3567
16887	3569	3568
16891	3570	3569
16892	3571	3570
16898	3572	3571
16905	3573	3572
16906	3574	3573
16908	3575	3574
16911	3576	3575
16918	3577	3576
16919	3578	3577
16929	3579	3578
16950	3580	3579
16952	3581	3580
16954	3582	3581
16956	3583	3582
16957	3584	3583
16961	3585	3584
17007	3586	3585
17013	3587	3586
17022	3588	3587
17026	3589	3588
17041	3590	3589
17044	3591	3590
17049	3592	3591
17052	3593	3592
17053	3594	3593
17054	3595	3594
17063	3596	3595
17065	3597	3596
17067	3598	3597
17080	3599	3598
17081	3600	3599
17091	3601	3600
17113	3602	3601
17118	3603	3602
17121	3604	3603
17126	3605	3604
17138	3606	3605
17142	3607	3606
17152	3608	3607
17155	3609	3608
17158	3610	3609
17179	3611	3610
17180	3612	3611
17199	3613	3612
17209	3614	3613
17211	3615	3614
17231	3616	3615
17238	3617	3616
17248	3618	3617
17249	3619	3618
17250	3620	3619
17251	3621	3620
17254	3622	3621
17265	3623	3622
17280	3624	3623
17284	3625	3624
17286	3626	3625
17298	3627	3626
17320	3628	3627
17321	3629	3628
17330	3630	3629
17331	3631	3630
17333	3632	3631
17338	3633	3632
17341	3634	3633
17345	3635	3634
17348	3636	3635
17357	3637	3636
17358	3638	3637
17369	3639	3638
17371	3640	3639
17373	3641	3640
17394	3642	3641
17401	3643	3642
17411	3644	3643
17429	3645	3644
17436	3646	3645
17454	3647	3646
17470	3648	3647
17477	3649	3648
17478	3650	3649
17498	3651	3650
17501	3652	3651
17503	3653	3652
17513	3654	3653
17514	3655	3654
17515	3656	3655
17526	3657	3656
17528	3658	3657
17531	3659	3658
17552	3660	3659
17555	3661	3660
17564	3662	3661
17568	3663	3662
17605	3664	3663
17619	3665	3664
17626	3666	3665
17630	3667	3666
17641	3668	3667
17647	3669	3668
17649	3670	3669
17651	3671	3670
17657	3672	3671
17661	3673	3672
17702	3674	3673
17703	3675	3674
17706	3676	3675
17736	3677	3676
17744	3678	3677
17745	3679	3678
17764	3680	3679
17775	3681	3680
17783	3682	3681
17787	3683	3682
17795	3684	3683
17799	3685	3684
17801	3686	3685
17802	3687	3686
17803	3688	3687
17811	3689	3688
17814	3690	3689
17839	3691	3690
17845	3692	3691
17849	3693	3692
17870	3694	3693
17876	3695	3694
17884	3696	3695
17885	3697	3696
17887	3698	3697
17889	3699	3698
17902	3700	3699
17904	3701	3700
17913	3702	3701
17914	3703	3702
17917	3704	3703
17927	3705	3704
17928	3706	3705
17929	3707	3706
17938	3708	3707
17940	3709	3708
17956	3710	3709
17960	3711	3710
17961	3712	3711
17965	3713	3712
17981	3714	3713
17982	3715	3714
17990	3716	3715
17991	3717	3716
17996	3718	3717
18000	3719	3718
18010	3720	3719
18029	3721	3720
18043	3722	3721
18045	3723	3722
18048	3724	3723
18058	3725	3724
18062	3726	3725
18072	3727	3726
18073	3728	3727
18076	3729	3728
18080	3730	3729
18084	3731	3730
18086	3732	3731
18089	3733	3732
18090	3734	3733
18091	3735	3734
18095	3736	3735
18102	3737	3736
18103	3738	3737
18104	3739	3738
18108	3740	3739
18119	3741	3740
18121	3742	3741
18158	3743	3742
18160	3744	3743
18161	3745	3744
18166	3746	3745
18170	3747	3746
18173	3748	3747
18174	3749	3748
18180	3750	3749
18182	3751	3750
18183	3752	3751
18184	3753	3752
18186	3754	3753
18205	3755	3754
18216	3756	3755
18227	3757	3756
18231	3758	3757
18234	3759	3758
18243	3760	3759
18263	3761	3760
18270	3762	3761
18271	3763	3762
18279	3764	3763
18280	3765	3764
18286	3766	3765
18288	3767	3766
18295	3768	3767
18297	3769	3768
18298	3770	3769
18300	3771	3770
18306	3772	3771
18315	3773	3772
18316	3774	3773
18322	3775	3774
18330	3776	3775
18335	3777	3776
18339	3778	3777
18345	3779	3778
18362	3780	3779
18363	3781	3780
18365	3782	3781
18375	3783	3782
18383	3784	3783
18388	3785	3784
18391	3786	3785
18398	3787	3786
18401	3788	3787
18402	3789	3788
18403	3790	3789
18405	3791	3790
18411	3792	3791
18414	3793	3792
18431	3794	3793
18432	3795	3794
18433	3796	3795
18435	3797	3796
18436	3798	3797
18440	3799	3798
18441	3800	3799
18443	3801	3800
18446	3802	3801
18447	3803	3802
18448	3804	3803
18454	3805	3804
18456	3806	3805
18465	3807	3806
18467	3808	3807
18472	3809	3808
18473	3810	3809
18512	3811	3810
18517	3812	3811
18518	3813	3812
18520	3814	3813
18527	3815	3814
18528	3816	3815
18530	3817	3816
18531	3818	3817
18541	3819	3818
18551	3820	3819
18556	3821	3820
18557	3822	3821
18564	3823	3822
18572	3824	3823
18582	3825	3824
18587	3826	3825
18619	3827	3826
18641	3828	3827
18658	3829	3828
18662	3830	3829
18664	3831	3830
18665	3832	3831
18673	3833	3832
18684	3834	3833
18687	3835	3834
18695	3836	3835
18707	3837	3836
18711	3838	3837
18713	3839	3838
18714	3840	3839
18719	3841	3840
18722	3842	3841
18738	3843	3842
18739	3844	3843
18740	3845	3844
18741	3846	3845
