0 32 20 23 24 25 26 27 28 29 30 31
1 33
2 34 36 37 38 39 40 41 42 24
3 44 45 47 48 49 51 52 53 54 55 56 57
4 64 65 67 68 70 71 58 59 60 61 62 63
5 72 73 74 75 76 77 78 81
6 66 72 75 82 83 84 85 87 88 89 91 92
7 96 98 99 101 102 103 93 94 95
8 106 107 44 108 109 110 111 112 113 51 114 55
9 115 116 117 87
10 96 100 43 118 120 121 123 124 125 126
11 129 130 131 132 133 134 135 137 74 79 80 55 127
12 138 139 140 141 142 143 144 145 146 148 149 151 152
13 160 161 162 163 164 165 166 154 155 157 158 159
14 98 167 168 169 170 171 172 173 175 176 177 178 179 180 181 182
15 133 137 78 79 184 185 187
16 192 193 194 36 52 189 190 191
17 195 196 36 197 198 200 201
18 130 132 135 202 203 204 205 79 206 177 207 184
19 102 208 209 210 211 212 213 214 217 218 219 220
20 224 225 34 226 36 227 228 52 221 222 223
21 230 231 232 233 234 235 236 110
22 130 72 73 74 75 237 238 80 239 87 88
23 240 241 242 244 245 246 247 248 249 250 251
24 34 137 104 80 187 253 254 255
25 256 257 258 259 260 262 263 264 265 26
26 130 135 266 77 47 185
27 133 171 267 268 269 270 115 55
28 227 13 271 272 273 274 276 277 155 254
29 96 44 210 278 279 280 281 283 221
30 288 289 34 290 165 40 42 285 284 253 286
31 159 36 292 294 295 296 52 221 191
32 298 299 300
33 199 302 47 208 303 210 304 305
34 164 306 308 309 310 311 313 314 315 316 317 318
35 119 293 118 55
36 320 321 322 324 6 326 327 328 319
37 330 331 332 333 334 15 335 336 339 340 341 342 344 345 343
38 346 241 347 348 349 350 351
39 96 352 353 354 41 45 55 252
40 196 261 70 356 357 359 360 361 46 80 22 118 155
41 34 36 7 362 250 191
42 135 74 171 202 204 364 81 365 366 367 368 87 370 371 372
43 376 171 363 79 80 373 374 87 184 185
44 377 74 77 79 115 185 254 127
45 66 145 381 52 379 61 254
46 384 386 73 74 78 54 382 383
47 387 36 356 388 105 389 390 391 392 46 52 55
48 36 325 393 42 394 395 209 242
49 325 396 397 398 399 208 402 403 119 218
50 98 132 72 74 404 87 120 127
51 407 132 133 74 237 405 406 87 409 410 127
52 416 417 418 419 420 421 70 423 424 425 426 52 376 412 414 415
53 37 391 105 427 428 109 429 430
54 96 105 364 46 302 303 431 185
55 98 377 206 79 433 434 435 437 184 185
56 96 448 293 446 72 443 438 440 441 155 444 445 286 447
57 158 33 45 450 451 452 197 454 455 456 457 459 460 461 462 463 464
58 36 165 466 467 468 469 471 472 473
59 477 354 43 52 24 474 475 476 445 479
60 480 481 40 141 242
61 482 67 483 485 486 487 488 489 490 491 492
62 96 493 494 47 208 495 210
63 227 260 503 487 496 497 498 275 499 500 502 26
64 128 130 135 73 77 81 58 507
65 128 512 513 67 419 514 422 515 516 517 518 520 508 155 156 509
66 36 295 392 522 107 523 524 526 527 528 529 530 55
67 535 42 241 242 531 532 245 533 534 536 537
68 66 98 74 80 117 22 185 538 539 540 254
69 544 257 545 546 441 13 275 25 28 221 446 543
70 547 548 549 550 553 554 171 555 556 557 558 559
71 96 133 102 135 171 47 560 561 374 254
72 99 562 564 565 566 93 95
73 133 391 40 136 107 46 528 567 568 569 570 571 572
74 576 578 579 580 581 582 460 119 314 155 220 575
75 134 583 584 75 76 206 399 55
76 199 585 586 587 588 589 208 212
77 70 590 591 592 593 594 595 597 599 601 602 603 604 605 606
78 609 610 611 612 613 102 614 106 617 618 619 607 111 620 621 159
79 640 641 642 644 36 44 622 623 624 625 626 627 628 629 630 631 632 634 635 636 637 639
80 36 647 242 52 347 190
81 649 650 651 652 653 654 655 656 210 242 474 252
82 96 208 432 658 212 659 218 220 125
83 66 132 74 81 115 372 660 661 87 185
84 453 614 663 511 45 48 54 151 665 666 667 668 669 670 159
85 96 267 301 46 47 671 118 91 127
86 672 673 674 675
87 546 164 676 677 679 680 681 682 684 685 686 688 689 307 275 541
88 98 72 74 80 690 692 693 535
89 516 105 111 53 695 696 670 223
90 134 135 74 77 206 118 87 185 698 699 572 127
91 133 399 81 52 87 26 701 702
92 704 705 610 707 197 165 708 709 711 107 523 46 208 703
93 16 80 87 538 127
94 96 708 357 105 45 112 55 187 445
95 354 133 37 70 712 686 55
96 102 199 713 714 267 78 47 52 184
97 608 67 715 716 717 718 719 154
98 96 133 46 721 498 275 55 24 445
99 391 42 302 78 305 722 723 724 725 188
100 196 197 198 519 582 733 460 689 731 727 728 729 155 509 730
101 736 737 291 391 155 733 734 735
102 97 545 738 739 325 740 151 250 475
103 325 741 7 742 393 42 12 744 745 747 748 749 750 751 752 315
104 105 528 754 756 757
105 96 66 99 101 759 78 79 87 758 761 762 93
106 768 769 100 107 46 528 767 155 765 766 763
107 96 771 772 773 774 776 52 250 124 285
108 36 40 105 191
109 774 778 779 780 781 782 784 785 787 788
110 128 795 418 419 794 789 790 791 792 793 507 796 62
111 96 259 499 116 799 28 542 191
112 96 800 801 802 493 477
113 289 34 803 804 805 806 42 459 588 655 209 242 245 285
114 96 135 808 137 809 399 81 118 377
115 96 134 171 364 560
116 810 812 813 814 815 816 817 818 819 148 820 150
117 827 708 199 361 823 111 528 210 821 822 119 24 825 826 187 703
118 96 100 133 493 118 119 445
119 96 829 828 133
120 832 79 80 831 118 188 830 63
121 833 834 835 836 754 756 504
122 837 838 839 840 715 48 114 252
123 66 72 137 377 841 237 79 185 378 91 254 127
124 131 132 75 237 372 373 87 378 91 254
125 855 844 845 846 847 848 849 851 597 309 853 854 856 510
126 130 131 376 261 134 135 74 206 79 87 184
127 130 135 75 171 364 206 79 81 118 87 184
128 98 261 135 77 79 373 374 185 698 254
129 0 4 446 72 13 237 254 857 185 858 859 860 126
130 132 133 79 80 115 87 377 539 862
131 864 399 22 863 24 61 127
132 96 870 871 872 873 874 242 55 118 119
133 293 105 875 876 877 46 878 54 57 154 159
134 450 36 879 881 221
135 161 257 227 617 686 887 882 307 883 277 884 885 886 890 799
136 895 90 892 893 894 191
137 898 899 77 80 81 87 127
138 832 900 389 137 777 45 78 267 115
139 98 135 759 79 373 566 87 758
140 133 134 901 902 74 47 87 254 127
141 165 904 905 906 109 907 908 909 910 911 912 913 914 508 157 286
142 109 915 118 254 699 126
143 66 171 79 916 917 377 699
144 134 41 45 80 917 918 699 188
145 772 46 79 206 52 919 920 921 922 923
146 928 929 35 293 104 42 43 655 926 54 55 27 924 925 126
147 931 7 8 871 302 47 17 242 564 118
148 932 933 934 935 936 937 938 939 941 943 944 945
149 36 37 133 391 109 946 52
150 805 947 948 949 55
151 832 954 98 900 955 953 137 75 206 79 373 951 184 90 952
152 96 352 66 385 72 74 43 268 237 52 116 24 27 957
153 835 870 968 969 970 971 972 973 654 974 17 211
154 900 134 79 976 721 978 472 863
155 674 232 979 980 981 982 983 984 377 986 985
156 34 42 45 495 990 154 989 159
157 997 998 999 1000 44 527 529 54 221
158 513 163 516 422 517 1004 1005 1006 111 1008 1009 1010 187 508 509 159
159 481 199 393 654 401 242 1013 220
160 708 133 199 136 111 52 55 57 187 572 413
161 608 356 357 199 72 361 107 46 1015 119 55 187 765 190
162 36 102 105 109 46 302 918 1016
163 41 45 1017 1018 1019
164 674 66 473 377
165 196 105 111 16 498 54 55 1020 799
166 289 34 930 36 42 362 109 657 1021 52 250 507 285
167 1024 289 996 774 42 395 941 879 945 211 531 1022 1023
168 96 1025 1026 528 118 89 765
169 928 35 197 1028 1029 1030 1032 1033 1034 308
170 476 60 477
171 548 1035 1036 1038 1039 1040 1041 1042 1043 893
172 354 36 145 883 277 1045 1046 1047 252 445
173 34 36 104 883 1049 1050 1051 126
174 1056 257 1057 1058 1060 650 271 1053 118 1052 221 1054
175 1025 376 772 102 841 714 52 184 126 127
176 257 483 36 1057 1062 498 23 28 191
177 96 712 109 989 210 118 119 221 125
178 1064 1066 1067 1068 1070 1071 276 798
179 37 332 1072 1073 1074 245 52 474 956
180 1075 35 1076 1077
181 131 36 357 1082 137 852 1079 24 1081 1080 1083
182 36 456 462 1039 1087 22 854 56 1086 223
183 1088 1089 36 388 105 141 52 151
184 1092 133 1093 105 523 109 46 52 118 765 190
185 770 325 776 1096 1097 1098 1099 46 212 823 219 124
186 36 357 1105 1108 55 442 30 191
187 555 1109 1110 1111 1112 1113 252 126
188 740 1115 242 217 219 1116 1117 446
189 1120 1121 1122 776 208 214 118 215 1119
190 1124 1125 1127 1128 1129 1130 1132 1133 1134 1135 1015 219
191 97 577 770 199 1100 1136 1137 659 118 254
192 46 1138 1140 863 187 252 413 223
193 382 906 302 378 305 1141 1143 280 1145 90 1144 254
194 1152 545 3 325 393 12 1146 1147 1148 1149 1150 1151
195 96 1154 133 75 171 79 47 81 560 115 87 127
196 192 1155 1156 52 254
197 129 4 1157 392 41 44 13 528 118 569
198 806 1158 1159 1160 1161 1162 1164 1167 242 243 532 245 535 536 250 347
199 96 36 581 102 46 52 119 212 55 60
200 897 171 1016 538 380
201 1169 1170 1171 1172 1173 1023
202 359 295 231 957 80 1174 1175 1176 1177 891 445 767
203 932 1094 53 1179
204 224 771 36 427 445
205 96 772 41 575 78 79 114 754 118 89 1180 95
206 1183 1092 105 109 46 55 1182 607
207 832 1188 75 237 951 87 184 91
208 608 498 883 277 85
209 800 1189 395 1077 218 220
210 134 135 74 79 87 184 185 254
211 98 99 1190 135 759 761 566 87 184 758 127
212 196 1191 297 1193 1194 719 51 53
213 802 325 968 1196 77 1197 47 87 540 126 223
214 78 1198 1199 115 87 126
215 98 132 72 77 80 81 1200 1201
216 73 74 77 1202 1203 692 1205 87 1206
217 96 267 1208 376 1207 698 254 127
218 96 67 1209 74 426 601 1210 1212 735
219 1216 289 34 1215 36 806 42 655 211 250 1214 927
220 386 1218 1219 389 136 52 694 55
221 354 36 105 109 46 111 53 57 159
222 450 1220 1221 1222 1223 109 947
223 98 80 404 118
224 34 3 1225 42 1226 1227 109 655 755
225 73 74 75 202 77 1228 1229 115
226 131 483 72 104 137 237 957 22 24 252
227 133 105 46 47 1230 1231 52 125 118 920 61 190
228 808 1040 1238 1239 1240 1241 1242 1243
229 98 131 135 72 73 263 79 81 274 698 185 538 1244 1245
230 96 802 776 808 714 79 303 210 118 1082 253 1246
231 1248 1249 1247 1250 36 936 42 362 426 53 250 191
232 1252 325 1253 1254 1255 105 1256 46
233 832 385 98 131 132 137 361 1257 1258 79 951 184
234 134 104 171 364 237 1259 1260 52 918 87 539 91 61 63
235 1261 1262 1263 210 1172 920 219 1180
236 482 707 486 582 460 1264 465 1265 475 727 155 477
237 41 75 1259 45 1260 1200 1266 87 61 63
238 4 13 15 17 307 329 330 331 332 333 336 337 343 344 1267 1268 1269 1270 1271 1272 1273
239 133 73 74 206 79 915 437 184 185 1274 254
240 673 130 897 558 176 438 1278 442 1276 1277 126 1279
241 1281 1282 102 136 906 1098 494 303 208 376
242 1220 1029 1284 1285 1286 1287 1288 1290 1292 947 1147 924 286
243 96 544 1057 1293 1294 879 442 499 276 1278 28 542
244 261 38 1093 1295 1296 883 118
245 1283 165 776 1297 1012 119 280 286
246 353 354 385 37 133 41 1298 499 252 221
247 130 137 377 110 78 115 184 185 91
248 740 805 1299 1300 1301 1302
249 738 36 41 659 1303 60 253 542
250 770 107 1304 764
251 135 171 363 206 79 1201 87 184 377
252 96 128 802 1312 1313 1030 302 406 1309 1310 1311
253 1314 1315 1316 1317 1199 953 445
254 257 1318 109 13 499 445
255 35 197 6 7 1319 1320 331 14 333 1321 52 857 57
256 96 98 1322 1323 399 373 377
257 1261 302 303 398 212 1172 118 218
258 36 358 1324 1325 110 1326 275 507 22 438 187 863
259 96 805 1329 1330 1331 1332 190
260 673 34 1249 228 362 109 52 1334
261 483 261 844 1338 80 20 21 854 1335 1336 474 1339
262 1342 1063 756 119 1340 1341 286 575
263 96 133 134 102 52 250 1022
264 66 133 74 77 399 115 117 373 87
265 1345 1346 36 1348 102 1349 1350 1351 109 52 286
266 96 36 136 105 107 235 78 46 52 118 55 920
267 1057 1352 1353 1354 276 25
268 377 1355 1356 1358 1359 1360 1361 184 185 538 382
269 36 362 109 1362
270 681 1363 1364 1365 1366
271 200 52 1333 406 1367 1368 1371 1372 1373 1374 1375
272 36 392 941 241 242 347 1148
273 1376 1377 1378 1379 1381 1382 1383
274 223 163 453 1253 1384 1385 1386 1387 141 1389 1390 53 863 56 159
275 78 46 47 1391 1392 1393 1394 1395 1396 61 863
276 133 391 41 105 1259 46 1398 1399 1400 413 190 863
277 1253 43 1397 1402 347 188 190
278 194 171 528 469 863 55 188 127
279 66 1315 135 73 1258 75 1403 126
280 36 325 102 138 1103 788 920 187
281 354 483 36 37 136 109 878 1405 277 1404 445 1406
282 96 98 133 135 74 75 80 185
283 1408 227 1001 332 13 116 118 445
284 200 21 1374 1311
285 36 210 242 243 217
286 1409 130 1410 1411 1412 1413 135 72 137 361 1414 237 80 376
287 838 1415 1416 1417 1418 235 821 22 572
288 99 1316 1421 78 1199 566 758 93
289 4 5 806 7 1029 333 241 245 217 1117
290 1185 1186 41 1424 52 118 184 699 700
291 96 105 1259 47 80 52 118 55 863
292 96 545 738 771 1184 655 1425 1426 1427 1428 125 543
293 1431 36 556 947 52 949 1429 1430 1432 1434
294 128 356 136 267 979 87 1436 127
295 1131 46 1262 210 827 1437 1438
296 902 147 21 1439 1440 1442 1443 1444 681 939 307 53 184 332 988 110 886
297 1445 1446 1447 1167 216 126
298 128 1344 136 1449 1450 77 206 1451 80 1452 210 376
299 928 289 1216 36 42 747 1454 241 348 250 284
300 0 5 6 331 460 1422 1455 1456 732 478
301 96 135 79 399 560 976 87 127
302 1408 98 130 137 268 269 81 1457 692 185
303 708 105 46 1458 1459 280 859 254
304 385 132 72 1257 74 237 46 52 1461 55 252 61
305 171 78 1199 437 87 184 185 538
306 1463 98 923 267 1230 399 372 91 254
307 134 77 399 863 55 1464 377 63
308 96 1185 98 1026 78 87 1465 1466
309 96 740 392 105 523 652 1103 946 52 250 190
310 41 171 45 145 115 118 87 1468 1469 126
311 96 673 35 196 197 771 752 24 729 474 187 253 1471
312 1472 1473 1474 1475 1150
313 1330 1476 36 805
314 98 130 133 134 135 73 77 79 81 87 185
315 1026 1477 1478 1479 80 126 127
316 962 1480 1482 1484 1485 1486 1010 314 763 508 510
317 36 295 765 107 46 1487 52 24 474 956 221
318 241 210 1491 1489
319 293 104 109 1492 277 1493 1494
320 708 141 46 1138 1496 187 572 413
321 102 134 295 46 47 528 114 1174 55 861 863
322 96 1248 102 376 1497 1498 216
323 115 863 184 1499 1500 127
324 1097 460 589 303 111 1175 1501 1502 863
325 66 74 171 237 79 87 88 539 540
326 1504 1409 133 714 267 301 78 47 434 184 923
327 1505 133 135 238 80 725 22 184 377 538
328 134 136 81 374 87 184 185
329 98 1506 77 79 1200 87 185 127
330 96 137 80 118 538
331 1507 199 303 304 215 187
332 1508 517 295 104 1509 1510 460 187 1138 1237 155 957
333 708 360 1512 1513 1514 1100 1515 1516 1136 1517 1496 442 155 158
334 1352 1518 1519 1520 497 498 275 500 1521 1277 799
335 442 1522
336 133 134 73 74 87 377 127
337 267 78 560 1523 1524 1525 118 55
338 1342 392 208 210 830
339 608 864 36 297 141 909 48 1526 471
340 1374 867 1534 1105 1010 1528 1529 1530 1531 1532 1533 958
341 1536 1537 36 516 615 1416 1514 1535 888 155 156 735
342 1538 1539 1540 102 906 78 46 47 119 920
343 224 1542 1543 104 1544 1545 1004 1325 462 1174 1047 223
344 105 106 1257 1548 878 46 1396 764
345 353 133 1098 235 1549 1550 80 22 90
346 577 754 476 445
347 96 100 133 38 1551 53 505 60
348 26
349 232 377 79 399 22 185 538 799
350 36 325 1552 241 1553
351 1248 535 7 42 300 657 242 1554 245 55 1175 347 989
352 96 897 145 435 52 118 542
353 72 73 77 79 81 115 1557 87
354 520 20 1559 1561 665 1562 1563 1564 1567 417 1569 419 157 1566 357 1516 1407
355 133 392 41 75 235 1324 270 366 57 91 252 254
356 96 98 557 78 118 184 185 126
357 1571 1445 102 1572 1573 1574 1575 651
358 295 1576 137 361 1577 45 110 1579 1235 1337 1469
359 96 544 673 100 740 1580 1581 1551 1583 55 217 442 1276 1277 126 1471
360 98 135 72 73 171 77 81
361 96 577 304 1588 118
362 102 232 45 78 276 1590 1591 91
363 1095 46 47 302 276 118 280 1593 1594 252 1503
364 1185 36 1254 1322 1016 1595 60 1597 1596
365 96 325 1189 393 395 52 216
366 192 1600 227 356 357 883 1598 1599
367 0 320 1601 1347 4 1348 13 1303 887 857 858 1051 860 254
368 418 356 523 46 114 467 279 57 155
369 832 134 74 75 363 47 560 115 185 254 127
370 1602 361 74 363 79 434 919 184 859 254
371 802 1603 102 776 87
372 393 36 325 1276
373 98 1315 4 1605 1606 136 1608 1609 973 47 80 185
374 96 102 1611 1261 494 47 210 1363 1172 1589 1115
375 128 72 74 1258 77 1613 79 1232 1202 117 1557 87 88 127
376 930 36 1476 42 362 879 1615 531
377 131 356 484 295 107 1517 1586 852 1618 1619 1079 24 1620 1080
378 523 46 55 697
379 389 136 41 117 118 55 126 127
380 301 305 1621 1622
381 96 128 70 1623 1624 1625 87 601 1626 1627 1629 1630
382 1632 134 267 46 1230 1231 435 467 895 471 1461 127
383 1633 136 74 75 560 1011 376 127
384 98 133 134 171 76 374 87 185 63
385 98 131 171 78 184 185 538 923 127
386 776 928 35 677 308 729 1502 1634 1635 1636 1637 1638 1639 1641 1642 1643 1644 1645 1646 1647
387 353 72 106 75 237 87
388 163 1128 106 235 236 878 48 1648 1649 1650 1556 282
389 192 1025 130 73 1258 77 81 1202 1651 373 538 253
390 1057 267 1653 1654 1655 1657 1658 1659 1660 1661
391 385 1091 135 74 75 87 127
392 1665 1666 1667 133 1668 26 445 189
393 325 7 40 1670 654 756 213 119 250 347
394 98 376 171 206 79 80 118 87 184 185
395 928 353 35 195 165 196 198 200 483 1528 462 1672 1136 24 155 158
396 128 102 136 1673 1675 1589 280 507 1502
397 161 257 265 1676 1677 499 26 1660
398 257 1476 1678 496 1680 799
399 96 102 105 267 46 1103 114 52 55 188
400 96 771 427 210 52 118 119 920
401 7 1687 9 1681 242 1682 125 1683 1685 1686 1148 477
402 163 196 676 1543 362 51 886 1688 1689 1467
403 708 197 199 776 1503 303 304 494 280 1690 1691 863
404 1345 354 105 55 567 922 1692 1693
405 1504 1696 98 1697 238 79 88 1694
406 4 6 10 17 799 1698 1699 1700 1701 60 971 337 343 1267 1269 1272 1273
407 128 67 70 1702 1703 1704 426 1706 1709 1710 1711 790 601 794 795 796
408 516 517 154 155 158 295 1712 1586 53 703 704 196 358 616 508 111 764
409 131 356 293 1445 1713 852 1236 22 55 24 507 221
410 13 270 1133 1714 1715 1716 477 445
411 640 34 1719 42 1720 624 1717 1718 632 1721 635
412 961 4 964 1639 1640 1722 315 1724 1723
413 224 354 36 1725 499 438 445 1726
414 1728 33 1729 195 967 200 1727
415 928 97 803 36 1731 7 42 1148
416 929 34 451 228 36 1733 1734 1673 42 1735 1140
417 96 1736 78 79 80 87 184 185
418 257 36 141 276 788 26 30 191
419 1738 109 141 863
420 3843 3844 3845 2572 541 676 678 933 2858 307 320 960 224 226 227 356 3057 1269 887 1271
421 35 196 1739 684 654 975 1740 498 886 24 1338 155 732 286
422 1185 1186 134 1736 171 1741 1742 560
423 97 681 42 777 1743 1744 243 244 1746 1747 250 126
424 36 107 46 47 114 118 155 989
425 805 7 242 788 1748 1749
426 356 196 391 1036 109 493 155 1342 1311
427 133 1751 787 20 52 1750 727 252
428 1416 681 557 719 48 51 1753 670
429 195 554 1754 1583 895 729 442 60 1277
430 1756 105 1758 46 697 55 1755 571 1757 190 1759
431 354 293 389 516 105 46 766 112 1103 52 54 55 190
432 1760 98 134 80 1200 114 87 472 539
433 1761 1762 1763 1764 1767 1768 1769 1770 1771 1773 1774 49
434 608 353 554 1775 468 799
435 36 42 1166 1776 1777 211 250 285 126 286
436 377 74 171 919 185 542 127
437 964 36 111
438 1185 98 135 80 118 55 376 185
439 385 809 1418 75 1783 1780 1781 1590 1782 1784 1785 1786 91 1788 1787
440 1312 100 261 356 358 1789 80 1234 253 1790
441 1792 293 389 391 712 105 46 528 118 55 56 190
442 96 738 293 107 46 47 696 55 120
443 66 131 77 47 80 433 87 126
444 1253 102 105 941 1261 1172 920 219
445 897 133 81 118 87
446 257 1795 260 1796 1529 686 1105 275 500 25
447 131 104 137 235 469 863 187 254 127
448 1797 102 1798 118 55 473 858
449 288 738 100 20 52 155 476 254
450 229 325 197 1801 1514 1802 1803 1389 1804 1662
451 135 66 1244 87
452 66 98 1806 115 406 951 184
453 608 391 523 109 46 60 190 286
454 36 105 141 1617 1140
455 545 104 78 46 47 1809 915 118 55 126 863
456 34 36 522 147 788 1811 346 991
457 715 1816 1813 1814 1815 56 1817 511
458 227 1818 445 30
459 72 137 74 237 79 406 951 184 185 1819 1820
460 66 206 79 560 1821 830
461 4 36 42 332 13 334 273 337 1268 277 1303 126
462 131 134 74 171 538 91
463 41 75 77 590 80 81 87 58 127
464 1315 446 109 499 245 445 127
465 800 196 1487 1823 314 155 156 479
466 832 41 171 267 399 1461 184 254 127
467 1824 1412 135 72 237 87 539
468 1412 361 78 79 538 87 376 442 254 127
469 36 102 78 47 304 184 185
470 227 4 1699 1828 1829 46 15 1422 118 343 1691
471 1345 1346 1347 1348 1831 1833 1835 1836 1837 46 1838 1051 1469
472 1089 290 1839 1840 1841 1842 1843 1845 1846 1848
473 96 210 1297 52 118 726 184 1849
474 96 1346 1419 118 507
475 1536 228 109 111 210 55 57 442 765
476 800 100 43 653 1262 210 211 860
477 1851 1855 46 528 1854 53 54 55 24 118 1850 1852 413 766 767
478 473 79 47 399 916 118 87 184 185 378 406 860 254
479 512 1859 1861 422 105 695 715 46 111 1393 23 55 508
480 1315 933 102 902 1862 304 915 277 254
481 163 295 1864 1865 852 56 1081 187 508 510
482 130 135 206 560 87 185
483 96 6 40 1224 1321 241 245 285
484 227 771 1828 1866 1867 13 915 24 442 1341 445
485 96 776 105 1868 45 46 47 301 1870 1172 118 282 219
486 608 36 105 235 141 46 112 1874 764
487 802 199 714 302 303 47 210 756
488 128 771 899 102 998 105 755 1877
489 66 137 233 1258 1325 117 374 923 957
490 36 1734 362 879 1362 1491 1878 1533
491 192 137 1385 1545 1880 854 55 918 1881 1882 187 1725
492 267 1324 78 79 206 184 185 538 127
493 713 266 714 301 46 303 305 1297 52 920
494 1601 547 551 558 662 1142 1884 893 1886 383
495 132 135 73 80 87 445
496 832 74 1230 80 830 917 1397 377 538 126 1887
497 36 548 364 52 542
498 1888 841 363 79 1199 758 698
499 130 1890 135 377 80 374 376 185 538
500 96 1057 1411 1891 1892 40 109 47 118 120 474 445
501 1894 104 882 499 883 277 22 1174 1493 799
502 34 36 774 1895 362 1397
503 35 40 104 1896 46 114 22 24 286
504 355 1898 1804 213 1078 1496 1020 1021 926
505 1122 133 43 1899 45 494 1651 118 126
506 34 36 9 42 1290 1900 1901 1903 242 211 883 444
507 1664 36 228 388 105 939 109 1105 157 223
508 1 3 1029 9 749 1904 1905 18 1906 1907 1146 1148
509 608 867 36 1105 1812 1909 1214
510 325 1445 42 44 242 1910 216
511 1168 1777 210 1911 118 55 154 1020
512 576 1912 1913 1914
513 66 177 404 87 1916
514 1920 1921 98 72 1549 81 88 1918 1919
515 1923 708 261 165 358 41 50 438 442
516 1374 1315 1925 8 329 1608 332 972 334 335 337 973 1270 443 126 1311
517 755 132
518 608 36 1926 1928 52 1662
519 0 257 4 356 295 107 883 277 1175 190 223
520 192 419 1931 77 1613 1711 1232 1932 1202 1933 1934 1936 1207 1937 58 1939
521 672 1325 1940 1941 1439
522 145 146 147 820 785 1942 1943 1945 1946 1947 1948
523 257 293 1257 1949 858 275 22 24 26 1950 445
524 354 329 1807 336 337 1493 1272 345 1951
525 106 511 878 111 16 48 1650 53 159
526 1952 161 72 492 46 52 55 221
527 66 133 1231 80 467 87 830
528 128 1953 1954 1955 1957 70 1958 590 80 790 376 1627 1629
529 74 202 204 957 116 117 22 87 861 862 127
530 1959 137 74 171 361 237 79 919
531 1960 1961 1706 1962 1963 1964 790 791 1624 602 795
532 96 560 52 118 119
533 133 358 46 80 118 87 442 445
534 228 1966 1967 1968 1042 1139 1236 1969 1970 727 25 1971 1972 223
535 227 36 459 275 1973 55 474
536 376 266 714 301 78 79 47 494 184 185
537 1123 325 7 1554 242 1976 1978 1979 1980
538 0 192 1984 1985 998 1350 712 42 45 1583 208 55 1981 1022 1983
539 1987 325 167 74 1771 52 1276 956
540 199 398 1075 212 1076 215 218 1501
541 802 1988 199 1031 210 1589 438 118
542 1808 377 979 1989
543 391 3047 41 522 107 268 45 46 1001 1203 1204 55 2394
544 1990 1991 1992 1993 12 242 1147
545 96 34 36 42 1994 208 209 212 124 125
546 1888 1186 202 363 364 206 365 560 115 376 185
547 96 1153 130 1996 1997 206 87
548 7 1998 1999 80 176 727
549 1154 206 368 2000 2001 115 184 185
550 96 36 199 776 302 47 304 494 2002 52
551 36 325 241 242 243 250 347 350
552 933 329 1353 13 498 275 277 25 799
553 557 78 80 87 472 185 1050 413 1278
554 2010 2011 459 1042 629 2006 632 1721 442 2008 2009
555 2016 34 35 2018 613 102 2019 904 109 1389 657 826 2012 2015
556 388 2020 2021 2022 2023 528 1328 438 765 190
557 192 66 72 2024 74 2025 87 1277 126 127
558 102 2026 651 2028 46 2029 1713 52 1174 60
559 34 163 483 1347 42 109 2031 20 472 57
560 287 741 2033 1722 767
561 867 2035 2036 2038 2039 2040 2041 2042 2043 2044 191
562 293 107 115 55 187 572 413
563 257 131 295 361 457 107 1083 112 2045 1138 1237 22 187 413 2046 2047
564 353 131 132 230 1095 237 957 22 55 24 572 413 1406
565 2048 45 495 154
566 2049 776 46 47 154
567 2050 2051 740 325 394 756 217
568 2052 2053 2054 1576 1931 1932 77 1232 81 1202 58
569 2055 2056 2057 396 1497
570 163 102 392 105 107 46 528 55
571 97 389 134 681 2058 47 118 126
572 96 353 544 99 714 75 237 1278 118 184 1277 442 126
573 34 36 2060 959 155 156 221 159
574 34 867 36 42 362 109 114 1526 286
575 96 1312 329 45 2062 438 1046 1341
576 196 165 356 708 1343 235 1545 1738 111 2064 2065 2066 2067 1174 888 511
577 673 1346 1601 36 487 1402 250 61
578 41 105 107 1545 109 528 1521 2068 821 24
579 36 1253 105 523 652 109 46 141 918 55 188
580 535 391 41 105 46 241 55 190
581 133 72 74 75 46 79 863 184 254 127
582 96 1122 105 1322 188 210 52 212 1523 2072 2073 826 124
583 41 377 2075 2076 2077
584 2080 2081 1923 1349 774 777 110 399 46 57 2078 2079
585 66 674 2082 2083 2084 2085 72 74 1206 378
586 2086 1767 754 55 223
587 133 72 78 79 87
588 129 98 353 261 358 263 2088 2089 80 24 1082 1310
589 36 548 362 141 52 788 949 188
590 96 352 650 267 1002 1694 78 239 1457 2091 1589 694 55 184 1278 575
591 66 1987 774 2094 2095 145 146 147 785 2096 1719 2099 191
592 2051 1476 1542 297 109 141 882 2100 1174 568 2070 957
593 1345 34 133 165 469 1973 2101 1048 2102 2103 286
594 2112 66 547 548 551 2110 2107 145 1461 2105 2106 1435 2108 2109 478
595 96 133 267 206 80 115 374 184 185
596 1088 2113 35 732 165 1545 109 883 22 252 158
597 2114 803 1290 209 210 211 52 756 535 217 250
598 96 128 2115 77 301 118 55 442 445 190
599 2117 74 1084 24 1818 956 254 127
600 96 2118 2120 2121 2122 307 439 286
601 673 36 42 362 2124 2125 2126 2127 442 2129 438 126 1276 286
602 74 1202 2130 2131 2132 87 127
603 956 2133 271
604 2090 107 46 1551 659 118 438 566 761 475 254
605 132 295 361 457 1138 1079 24 2134 1080 571 2135 445 1950
606 135 202 171 237 46 1583 528 115 116 118 87 377
607 1156 2084 269 2071 1654 2136 2137 2138 2139 2140 2141
608 1761 2145 2146 634 2011 2142 2143
609 1122 2147 1188 37 2148 1899 1621 91
610 2149 245 126
611 1088 280 1248 165 453 2150 2151 2152 1396 56 1497 159
612 354 1347 357 105 2154 2155 275 445 574
613 224 1315 1444 934 2156 2158 1493 314
614 1889 130 133 78 79 87 127
615 1185 1253 102 560 243 52 188 543
616 134 79 830 2159 2160 118 919 859 254
617 132 708 295 361 74 1818 525 46 1393 2161 1308 55 570 507
618 1185 1186 99 133 171 560 118
619 770 102 358 713 1836 589 302 303 210 52 1593 1501
620 102 554 399 1392 2162 2163 2164
621 131 1414 135 1258 1200 374 758 185 538 127
622 131 132 261 230 72 1818 237 87 698 187
623 325 395 654 306 2165 2166
624 289 325 1146 2170 393 74 1641 1906 2167 2168 2169 250 2171
625 102 777 1263 52 2173 63
626 385 98 130 132 74 203 1258 1201 2071 87 2174 127
627 96 185 1820 263 237 206 79 89 1115 1244 477 2175
628 865 2 2177 199 39 1098 118 764 477 1503
629 130 133 363 78 206 80 115 374 184 699 63
630 257 1057 1794 1476 2178 2179 2180 2181 497 498 499 277 1495 26
631 2182 135 72 1258 79 80 81 919 87 185 538 254
632 871 1446 42 141 47 52 695
633 257 227 4 37 293 2184 329 118 28 343
634 224 933 934 937 2185 686 498 882 308
635 32 96 102 41 105 1259 46 87 55 184 91
636 130 547 134 135 75 79 80 374 1275
637 132 1412 135 74 202 237 22 185
638 137 45 1459 22 55 24 1114 187
639 897 258 2187 2188 2189 2190 2096 2034
640 131 1092 102 230 235 2191 2192 2193 882 1587 53 55 607
641 2120 332 13 2194 1235 2196 2197 799
642 354 35 165 196 198 805 1330 2198 2199 221 158 703
643 755 52 1303 191
644 1374 418 195 196 38 200 1036 2031 20 21 732 1310
645 66 548 41 459 1516 117 254 2200 442 1275 126
646 257 788 501 499
647 96 130 133 78 79 80 55 87
648 74 77 79 80 81 115 87 127
649 1185 135 80 374 376 698 61
650 128 2207 1956 70 1624 1623 376 2203 2204 2205 2206 1599
651 96 673 2209 2210 681 557 1997 239 305 87 1240 377 442 1278
652 2212 325 2213 7 47 655 756 250
653 832 1890 2215 2216 2217 377 191
654 1094 1802 2218 2219 941 2220 911 306 959
655 2221 2222
656 941 109 277 2197 2199 799
657 96 834 871 788 119 347
658 391 332 45 2223 2224 2225 2226 2227 413 568 190
659 135 74 81 115 2228 2229 87 127
660 257 1091 934 1020 1455 1999 498 1235 500 277 1495 474 1083 860 858 799
661 36 805 7 1161 1166 2231 2232 250
662 96 802 1031 776 714 47 208 210 118 2233 2015
663 134 74 237 79 399 373 87 254 127
664 231 295 519 617 860 460 46 465 1235 22 24 858 156 863
665 356 36 1453 2234
666 608 289 35 42 250 191
667 453 106 511 109 719 48 878 52 2235 2236 159
668 74 78 79 52 87 254 127
669 130 1218 41 74 78 80 81 760 377
670 2240 2239 2242 100 36 681 2187 275 1046 151 2238 1311
671 320 72 1199 1073
672 995 2243 2244 2246 2247 2248 2249 2250 2251 846 309 60
673 1088 1664 1091 388 293 297 1738 2252 46 2254 498 1078 474 1182
674 545 8 332 333 2255 2257 19 1268 55 857 441 378 895
675 36 74 47 694 89
676 34 36 42 653 655 242 756 442
677 66 956 974 957 1073 2258 2259 895 2260 183 252 254 127
678 267 1230 723 1172 1621 2261
679 35 165 102 1514 715 875 1131 52 1556 2262 2263 2264 1594 2013 1662
680 52 2265 250 126
681 96 2051 1893 70 432 87 824 2266 1627 2268 2269 2270
682 102 712 105 109 141 52 119
683 740 325 996 2170 535 250
684 2272 2081 1218 2273 2274 232 1229 466 469 1461 378 188
685 96 355 1126 78 47 210 1589 120
686 2276 2277 1325 656 2064 55 572 413 382
687 355 261 235 1772 1037 1165 1421 956
688 96 192 1156 73 269 558 245 118 254 347 253 126
689 2280 2281 460 209 1236 507 125
690 353 199 776 2282 2283 302 303 214 280 2015 1020 1503
691 78 46 79 919 87
692 196 708 678 105 2284 46 307 221
693 96 102 70 109 47 210 1172 122
694 102 2285 2286 208 2288 212 822 280
695 550 2289 948 1558
696 1798 141 145 2290 52 2291 55 221
697 1890 141 46 882 52 53 55 190
698 130 133 41 115 118 374 376 2297
699 261 104 137 878 118 282 187 413
700 133 293 137 110 46 469 1781 57 187
701 134 775 1259 47 560 210 52 1524 188 2173
702 257 356 485 1353 2090 975 498 1235 886 2298 2299 1308
703 52 1268 118 1812 2302 2301 2300 445 446
704 493 494 210 915 118 119 477 126
705 608 235 109 46 1102 53 765 286
706 2304 2303 422 295 456 111 821 187 508 157 158 159
707 1408 2307 2308 2309 268 13 52 694 445 192 74 332 80 87 2140 96 227
708 1154 376 2310 377 267 79 184 185
709 35 389 41 46 118 1750
710 96 98 899 133 261 73 494 80 127
711 128 418 67 70 2311 136 2312 2313 1776 55 793 795 60
712 2314 2315 2316 1979
713 224 1730 36 712 109 47 2317 2318 52
714 738 133 588 1133 2323 52 119 220
715 1634 132 5 356 1321 331 13 654 1646 273 277 2326 729 861
716 832 66 133 137 79 47 1202 117 87 154 2327
717 192 1145 1540 378 1267 502 2328 441 250 1275 189 126
718 257 36 1352 361 78 275 2046 24 571 28 254 127
719 133 135 72 77 206 79 80 87 184 185
720 1728 195 196 462 2331 1496 2329 155 2332 2333 2334
721 163 2339 2340 297 511 715 878 111 48 1105 1712 664 154 989 670 159
722 2272 1253 392 105 109 52 2234
723 2114 707 261 136 52 253
724 96 708 199 105 107 301 2319 1297 210 118 376 1020
725 948 60 2341
726 96 1408 2342 2343 522 529 52
727 96 1051 377 2344 79 87 184 185 91 1278 127
728 1476 808 105 498 118 572 190 799
729 96 1538 771 804 199 2345 107 47 118 989
730 66 131 132 133 230 72 74 1325 46 80 87 957
731 1315 105 777 46 399 755 55 190
732 96 135 72 74 80 185 956 254
733 673 803 325 741 1867 2348 2349 751 2350 2352 217 1471
734 2065 883 277 2354 2355 888 2356 2300
735 36 241 788 917 2357 2358 250
736 32 145 2130 499 1655 2360 2363 2359
737 2368 2369 546 963 356 164 676 1635 2365 684 13 275 474 2364 541 2367
738 2373 2374 74 237 79 87 127
739 353 196 36 198 2375 55 1528 156
740 96 2377 2378 2379 2380 109 2381 498 883 442 861 286 895
741 102 2382 655 2383 2384 563 253
742 134 267 80 2385 2386 854 538 252 127
743 96 130 133 134 135 79 80 118 374 1403 127
744 96 2393 622 2387 2388 2389 630 2390 632 1754 637 254
745 96 869 870 199 47 371 212 218 2395 220 2397
746 2398 483 196 1496 456 105 107 1586 890 22 55 24 56 158 2399
747 2400 2401 102 1258 171 270 79 55 184
748 133 74 75 78 79 373 87 127
749 2402 899 135 72 74 79 919 372 87 698 127
750 1756 2403 1445 391 137 651 78 764
751 96 2404 293 102 518 1126 46 47 1777 210 52
752 66 79 87 1465 127
753 2405 2406 2407 2408 2409 2411 2412 2413 2414 2415 2417 2419 2420 2421 1371
754 109 46 1389 433 52 55 474 1854
755 1248 418 67 510 426 1617 2423 2424 2425 2426 60 318 735
756 224 902 199 906 427 47 944 2427 989 1854 575
757 36 391 105 109 46 53 55 2429 190
758 2432 2433 2430 163 2434 2435 295 2431 46 2224 467 309 1526 2046 511
759 96 2437 2438 242 276 118 378 347 126
760 1184 652 945 757 1302
761 34 36 2219 1901 879 788 347 221
762 353 223 196 106 511 111 53 1494 55 154 858 190
763 96 134 2441 363 364 365 80 1200 87
764 2307 2371 2442 2443 1036 2444 2445 2270 21 1754 378 893 126
765 34 42 2446 245 285 221 126
766 102 871 199 969 2448 210
767 36 2449 499 118
768 66 1219 104 2450 22 91 127
769 517 2451 2452 155 156 158 35 165 57 314 196 198 1484 462 472 474 735 486 1512 763
770 34 1091 196 100 356 457 474 1236 2453 2454 2455 57 442 286
771 96 1739 493 209 210 118 216 125
772 673 1346 36 2457 52 2458 2459 286
773 1730 133 41 2281 2318 1523 2460 1854
774 512 513 515 519 1419 791 795 155 2461 2462 2464 2465 419 2466 2467 1325 570 1483 727 1248 1513 509 510
775 2469 102 2470 2471 1132 1365 1015 827
776 802 134 776 137 2472 1324 1869 47 16 560 915 118 859 254
777 325 42 362 211 152
778 1794 164 676 677 934 2474 684 940 306 308 314 2365 541
779 1889 899 1122 136 73 1258 2475 77 923
780 163 165 453 2476 909 2477 111 1712 2452 53 1528 159
781 1184 2016 228 1253 105 107 652 46 2479 55 190
782 1549 2189 2481 2482 2483 1268 25 956 2302
783 98 1959 72 74 77 78 372 2484 2485 184 185 254
784 1412 135 72 377 75 77 79 87 127
785 32 385 674 132 41 75 238 1043 377 539 126 255
786 70 874 303 208 212 2486 2456 125
787 224 512 2051 708 391 510 46 112 2488 2490 1307 190 62
788 36 105 235 523 109 46 114 2491 2492 286
789 1889 130 133 358 376 57 538 187 2494
790 96 129 131 392 1352 1452 80 697 538 1084
791 928 769 34 741 1289 362 2219 752 306 1010 151 1528 315 1437
792 832 2496 2497 2147 772 1188 134 102 1550 47 1820 255
793 353 132 923 137 1324 206 87 539 540 254
794 231 360 105 107 1235 55 858 190 863
795 105 109 46 114 52 55 890 187
796 754 1748 1300 2499
797 192 129 771 548 261 2500 2501 2502 1789 2503 1036 2064 118 476 253 126
798 242 991 1029 535
799 36 102 775 755 52 1523 188
800 354 36 708 1346 1347 1350 2504 109 654 1327 1051 286
801 96 135 72 73 74 75 77 87
802 835 37 1739 332 109 460 528 2027 1236 1427 118 1144 857 413
803 130 1414 135 267 363 364 79 118 184 185 1403
804 932 2508 2509 141 2510 2511 2512 2514 2515 2516 2517
805 1800 346 2518 1022
806 130 77 206 79 374 87 184 185
807 102 105 467 52 1172 1523 61 863
808 101 435 1011 2003 2520 2521 506
809 134 74 171 77 79 81 115 87
810 135 77 79 80 919 115 405 87 127
811 96 66 36 134 841 109 47 560 55 126
812 928 2525 34 930 42 747 109 1902 1615 531 2524 285
813 192 1122 35 37 38 261 478 43 1515 558 1518 118 1082 253 126 2527
814 512 163 36 105 1663 2004 53 221 511
815 754 1748 36
816 196 1580 657 307 1268 439 123 285
817 1312 129 2530 2438 1449 119 2267 2268 445
818 3 36 1477 2533 362 523 2317 526 529 1362 788 119
819 100 105 302 1136 21 55 155 735
820 34 483 36 165 325 2404 42 2534 2535 2536 462 1970 285
821 74 237 80 81 87 24 127 31
822 301 78 431 2448 305 1589 1621 1499
823 1513 1419 758 2462
824 1123 1445 969 1290 2538 242 210 211 657 1554
825 96 192 224 352 2539 1327 52 118 376 1278 124 253 126
826 102 74 267 118 87 376 863 127
827 133 134 871 2540 494 79 80 560 1364 87
828 608 36 141 2429
829 804 1315 1604 1608 329 332 973 334 2542 2543 2544 2545 19 857 126 1118
830 96 102 47 915 118 694 726 446
831 132 2084 2054 135 72 73 137 75 237 80 81 1201 2546 2547 87
832 1156 261 73 78 80 2548 117 87 538 253 382
833 545 36 996 188
834 96 764 37 293 391 46 52 118 119 286 190 127
835 1698 37 5 42 333 14 655 17 242 211 24
836 358 1254 776 46 114 52 2550 1016 219
837 1154 79 399 115 87 184 185
838 388 105 109 1327 114 210 882 469 2197 799
839 1536 1923 132 165 197 41 107 460 46 22 57 187
840 96 102 871 776 427 589 302 47 304
841 70 392 2508 2285 590 2556 306 2552 2553 2555 1212 510
842 32 2558 1415 40 456 1136 883 21 22 854 57 474 2557 478 223
843 2560 2561 2562 2563 2564 2565 2566 1579 397 58
844 1345 1346 1347 550 202 1547 45 527 1337 286
845 1700 1604 2567 2568 2569 2570 2572 2573 2574 2575 887 2330
846 1607 47 2576 210 242 52 1593 443 2015
847 517 519 2577 2578 2579 2452 2581 156 314 448 196 198 582 460 727 472 729
848 1984 261 2309 41 242 2582 2583 2584 154 1789 126
849 2147 772 171 184 185 538
850 1282 362 394 395 346 1514 1822 1722 1307 766
851 263 558 276 1750 254 2585 956 542
852 764 293 105 46 1174 55 2586 2587 252 1183
853 36 141 766 878 657 1168 670
854 0 321 2589 4 358 329 13 334 337 1267 342 1270 2230 2588
855 517 519 2579 155 2590 2592 2593 2594 314 574 198 582 460 727 728 729 732 2281 508
856 96 2595 841 74 77 2162 2163 254 1243 126
857 714 970 77 47 303 212 118 215 989
858 354 388 1541 2596 2597 2347 2254 2103 55 221
859 353 708 2598 2599 1385 2601 76 47 1911 2064 54 1020
860 2562 131 135 2602 2603 127
861 128 36 2469 102 105 906 1034 2604 46 52 54 318
862 96 2401 102 301 78 303 305 1261 1523
863 34 163 1543 1128 1003 2606 1615 2607 946 2451 2608 2609 1437 1438
864 776 713 589 302 303 2002 2233 1119
865 36 805 7 2222 241 273
866 448 100 329 330 331 2505 337 2610 2612 438 1502
867 391 235 46 542 127
868 163 295 267 46 55 863
869 132 331 332 13 1138 275 2613 887 956
870 897 484 2133 2614 2615 93 190
871 2051 1957 70 2622 522 1623 1624 601 1306 2619 1628 2620
872 772 2476 2285 2623 1556 58 2075 2076 1439
873 2624 354 1406 2254 499 500 22 254 223
874 96 2625 100 1156 422 1414 77 178 404 2328 253
875 2627 2628 838 297 106 2478 48 1587 511
876 160 36 2629 2631 2633 362 1362 2430
877 2634 2635 2636 2414 499 507 1821
878 66 36 102 105 267 47 1589 118 55
879 79 87 185 538
880 1018 135 74 77 55 117 87 538 923
881 518 1130 210 1523 1016 219 124 1023
882 1922 163 516 105 1545 107 2638 2639 2640 24
883 673 36 134 39 46 1143 863 254 63
884 96 102 560 2641 1523 52 118 2074 188
885 1536 197 165 486 1514 1804 1105 2642 2643 438 472 30
886 96 133 74 47 859 254
887 37 493 2646 2493
888 96 608 523 52 53 1108 55 1662 223
889 704 289 35 928 165 329 42 459 1673 655 242 211 243 531 285
890 96 133 681 1388 654 2543
891 1728 195 200 2650 1370 2651 1375
892 2653 1868 78 2655 1556 53 54 1175 154 2652 2013 511
893 1312 36 199 1516 1044 790 727 1080 442 253 1246
894 96 2657 136 1258 77 80 372 404 118 374 376 2269
895 96 897 66 133 134 74 79 87 127
896 96 714 589 78 47 2321 756 1589
897 288 2658 133 135 73 77 919 374 87 377 382 127
898 2432 223 163 295 456 105 1545 1325 1006 111 159
899 1923 2660 293 1545 109 45 2066 1048 57 155 732 221
900 96 34 36 41 107
901 708 102 2663 2664 1148 1150
902 1923 1220 2665 2666 2667 2668 558 2670 275 1047 22 87 1878
903 135 206 80 434 374 376 185
904 160 814 2681 2671 2674 2675 2676 2677 1142 2679 2680 2678 2682 2683 2684 2685 2686 2687
905 512 2689 163 516 2690 109 48 1467 280 795 508 286
906 2691 2692 101 235 1421 47 566 1278
907 96 928 34 133 197 2693 42 298 2446 118 1049 286
908 1792 2696 267 951 184 126 575
909 192 132 38 72 74 237 238 80 81 1202 87 58
910 257 897 137 2698 2700 2701 22 55 1660
911 2304 1385 141 2703 2704 2705 1650 1174 511
912 512 418 419 2018 422 295 522 46 1617 2706 2425 570 508 157 510 735
913 356 37 109 466 2707 1526 56 61
914 672 674 2708 2709 2710 2711 377 987
915 928 2017 2018 708 1672 1289 462 1010 1012 438 157 511
916 96 102 105 332 47 118
917 805 43 499 694 26
918 96 802 78 47 302 304 494 1395 91 126
919 773 102 1319 304 1396 118 55 766
920 128 80 374 376
921 353 1122 998 878 2714 2713 154 733 1406 159
922 165 102 615 906 716 878 48 52 53 920 154 159
923 407 98 135 72 167 74 75 79 80 919 87 377
924 36 1446 7 42 655 211 216 2716
925 704 613 102 105 906 1130 1180 863
926 96 802 267 47 184
927 36 1767 109 141 112 52 223
928 1056 2472 41 301 47 766
929 385 131 230 74 237 206 52 87 88 698 442 863
930 96 773 2717 135 493 78 118 1117
931 608 1477 2718 46 52 1140 1812 60 1662
932 1315 9 655 209 657 378 477 254
933 135 104 1228 77 1612 1202 115 58
934 96 1505 841 47 2320 435 1395 442 1341 126
935 257 36 356 2194 20 499 60 221 2719
936 2720 2721 1027 1445 522 2287 208 210 218
937 2723 2724 782 785 146 147 788 820 1942 1947
938 1889 2726 74 2635 1244 117 87 376 540
939 96 99 72 74 77 115 118 1623 376
940 388 165 1444 1543 2728 20 277 22 884 1047 1109 2067
941 354 1541 2729 2730 2252 2731 2290 2103 221
942 774 2733 785 147 1140 788 1719
943 257 1794 260 2180 2181 1896 2734 499 500 25 28
944 96 386 807 136 1579 494 80 376
945 133 102 776 652 302 47 242 118 1438
946 96 47 2736 2738 52 250 347 476
947 79 80 527 55 87 376 185 187
948 676 453 677 932 111 911 306 2740 2742 2743 56
949 77 206 79 1200 561 374 184 185 538
950 1514 54 1015 2746 2745 826 2747 2748
951 109 46 277 2455 190 223
952 163 196 516 615 1416 1545 2750 111 1712 2751 1010 1528 958 159
953 2752 105 46 47 243 755 55 248
954 2753 2754 100 293 109 882 946 118 55 1174 187
955 98 130 2435 133 361 1258 79 376 185 572 1917
956 1923 516 137 1545 2452 926 2476 438 57 187 61 451 2505 460 462 2639 607 1526
957 480 1122 2756 134 1392 1524 917 1240 2072
958 1186 171 364 363 365 184 185
959 832 66 135 74 171 372 377 91 126
960 2757 73 377 80 560 1200 184 185
961 908 1559 1689 411 35 36 165 52 318 703 2758 1502 97 228 1513 878 508
962 774 782 785 147 1944 1832 41 52 820 1719 2759 2761 2762 2763 2765 2766 1777
963 1664 2767 2768 52 854 695 2492 1662
964 1799 2769 275 890 2047 863
965 2770 2771 36 191
966 96 477 261 75 957 80 2773 22 87 635 413 126
967 36 932 102 1254 105 13 46 941 560 945 1523
968 738 102 2775 427 941 1261 47 1262 945 210 2512 52 119 219
969 261 134 74 1871 80 368 560 115 917 1523 861 830 127
970 46 47 210 118 55 920 2777
971 102 74 75 79 80 87 55 254 127
972 134 72 79 87 377
973 2531 2780 1989 2674 54 2779 2781 191
974 32 36 830 2161 499 469 221 799
975 891 295 104 361 1896 1324 46 117 55 24 187 2782 863
976 2784 2785 67 2786 133 774 2787 2788 2789 814 2674 2677 157 2783
977 243 36 2790
978 1088 1091 902 235 332 47 944 1174 858 2427 221
979 96 135 363 364 79 1231 87 184 185 188
980 389 391 2791 105 46 47 1742 1880 765
981 67 2149 1385 110 950 1278
982 385 1122 1218 2792 41 235 236 45 671 1590 951 95
983 36 104 107 46 275 1139 24
984 704 705 165 613 616 2793 2794 1804 2796 2797 703 2743 154 158
985 608 353 1786 2148 2214 2216 141 1198 282
986 1220 107 46 112 55
987 102 235 560 305 54 190
988 4 5 6 329 330 332 13 14 1422 273 498 307 1109 1267
989 2563 2812 2807 2799 2800 2802 2803 2804 597 2805 2806 2810 2811 1372 2813 2814
990 96 74 106 235 1899 118 124 126 255
991 832 353 2817 75 77 117 24
992 673 2818 1091 36 740 996 7 2819 43 300 347 285 126 287
993 293 37 2375 2535 2820 495 1807 2451 52 55 572 221
994 192 832 2822 104 378 2175 22 254 90 91 1754 126 863
995 832 353 928 483 932 1798 2158 21 22 310 473 155 30
996 2336 36 542 40 2824 852 22 190
997 1664 678 1094 2118 2120 2825 654 306 531 2741 541
998 34 732 519 2827 460 2828 2829 1617 307 2581 1530 155 156
999 131 132 133 22 24 538 295 1080 192 74 1234 1235 469 861 356 361 116 127
1000 1272 2371 4 1828 1893 329 441 2443 334 335 2830 55 89 445 2302 767
1001 66 276 2831
1002 232 377 66 130
1003 833 301 47 209 210 52 1979 446
1004 517 2832 2833 2834 2835 2837 795 928 417 2464 296 1712 966 732 1384 763 508
1005 74 75 171 79 117 2838 87 254 127
1006 96 803 1446 776 1224 1518 211 119
1007 714 589 302 303 212 1622 2839 280 1119
1008 704 34 35 165 1063 2821 1615 1136 53 2840 1594 575
1009 386 2562 1228 397 1612 81 87 2841 58 2842
1010 832 1832 105 109 46 52 87 572
1011 2560 2561 2562 2689 2564 2313 490 1579 1228 77 397 2846 2804 58 2844 2814
1012 96 800 199 1031 1319 242 119
1013 2848 2849 41 714 376 1277 2847
1014 132 230 72 74 361 237 81 1202 117 87 254 127
1015 184 2850
1016 128 130 1570 773 2058 78 79 184
1017 2851 2852 453 165 102 1801 2853 1484 2855 2856 111 2857 53 2014 703
1018 131 74 75 254 87 185 91 861 126 863
1019 320 226 227 963 2567 329 10 13 334 15 17 307 1267 277 887 1271
1020 102 2859 47 210 242 52 1523 119 219
1021 2147 772 1143 406 118 376 538 413 127
1022 192 1443 356 277 118 55 378 187 286
1023 1153 202 171 204 78 206 115 185
1024 133 267 78 79 373 87 1018
1025 36 1322 107 46 507 61
1026 2526 74 2863 2864 2865 2866 951 282 124 1310
1027 1153 134 72 74 79 2867 52 374 127
1028 132 1258 237 78 270 185 698 923
1029 192 129 66 385 132 261 40 552 202 1037 1040 2175 2868 87 253 127
1030 224 289 34 928 36 42 2795 2253 2869
1031 96 171 115 2868 2870 87 254
1032 516 295 617 460 141 2702 111 1586 187 668 510
1033 544 100 133 557 977 762 380 1277
1034 774 782 147 788 2771 2872 2874 2875 2876
1035 377 267 206 115 435 1590 184 185
1036 832 1186 134 109 1742 976 54 377 2877 126
1037 96 800 2880 2881 806 7 1266 211 532 250 2879
1038 2882 2883 36 447 334 558 275 883 889 442 956 477 191
1039 450 2884 2885 109 2254 527 277 221
1040 232 237 979 184 377 987
1041 1122 493 722 2162 1172 1877 1974 121 124
1042 388 2694 2887 1100 1136 2067 221
1043 37 2888 2889 2890 2252 46
1044 195 2819 478 38 200 2891 2892 2893 2895 1105 502 151 442 1723 30
1045 512 2465 422 2855 904 1005 111 1009 2897 2898 53 508
1046 1122 35 100 165 261 903 1502 1513 926 445 191
1047 874 441 2861 210 118 2073 89 1979 125 446
1048 96 802 133 1098 47 1593 505 1118
1049 96 352 1122 36 42 210 534 286
1050 102 776 302 2448 305 1523 52 1524
1051 2472 364 564 95
1052 227 36 13 275 788 2133 2325 445
1053 105 1896 2665 684 1324 1949 2669 272 2900 2613 2901 2902 24 1081 858 30
1054 109 2903 52 55 26 445 1662
1055 576 199 52 1912 2905 2906 2907
1056 1728 196 200 105 392 1036 1528 2909
1057 391 105 235 110 46 399 528 55 764 2910
1058 202 371 550
1059 261 548 806 1161 1162 1166 80 243 245 126 2911
1060 161 196 485 516 295 111 275 883 1528 155
1061 754 1748 1300
1062 96 98 1445 102 47 209 210 242
1063 2210 493 1997 722 1974 1239 1240 2072 2074 124
1064 2912 1697 1186 2913 389 2915 2916 105 267 46 469 87
1065 387 133 73 80 560 52 55
1066 128 130 899 361 74 1710 80 55 570
1067 516 1545 2826 2067 1951 164 297 684 1712 2364 320 196 223 2660 2918 2919 883 252
1068 160 448 196 165 358 582 1502 1514 299 508 57 155 156 2013 286 735
1069 802 325 102 1261 302 560 118
1070 131 230 2921 74 80 22 922 829 127
1071 230 104 233 2922 2923 2924 2925 957 22 55 24 572 413 574
1072 130 132 137 74 75 117 1141 87
1073 865 1088 163 36 614 1416 617 141 2926 111 1586 664
1074 131 104 41 137 1324 46 957 1589 24 187 413 863
1075 130 132 135 74 267 1325 206 79 80 117 374 87
1076 516 708 295 361 111 2928 1969 1078 2135 56
1077 352 356 36 357 2604 2929 52 788 1310
1078 483 36 105 109 114 2199 1662 895
1079 992 994 1730 1256 427 524 119 1115
1080 2819 104 681 235 2930 1236 55 24 442 508 1277 1278 223
1081 516 422 2932 2933 790 2934
1082 102 134 527 114 188 52 756 2199 1401 124
1083 1145 1188 901 2189 206 79 399 2935 115 2936 437 406 919 1143 2485
1084 98 131 137 78 79 80 47 117 923 572
1085 36 391 141 718 2096 670 191
1086 97 36 294 52 55 221 2937 189
1087 161 22 887 155 1181
1088 795 418 196 422 519 846 53 1372 1528 155 156 510
1089 608 36 141 558 1453 306 2939 2938
1090 102 2504 243 52 2940 2941 2942
1091 1057 1667 40 275 501 26 28 2943
1092 256 257 1571 499 883 26
1093 2945 2946 932 2947 2948 1677 882 277 1047 2649
1094 36 2949 2463 109 48 52 22 1144 670 1535
1095 2950 329 265 2506 332 13
1096 2114 804 871 1523 216 1980
1097 832 1218 389 2952 233 106 2953 2131 1141 252 1469
1098 2116 102 78 47 1589 118 1144 282 575
1099 1440 1218 1851 2020 2627 1257 2954 235 2955 2956 878 1395 378 91
1100 192 385 132 46 2064 53 22 252
1101 261 230 40 361 107 109 399 22 55 24 1174 957
1102 102 2855 2957 2958 1135 2959 2961 2654
1103 72 2698 237 115 116 276 87 88 377
1104 2307 36 1325 465 147 788 1982 2962 55 30
1105 774 2732 2764 146 147 788 1140 2963 1719 1944 2781
1106 20 2965 24 221 126
1107 96 548 134 74 2967 2966 183
1108 928 34 195 36 228 362 1514 315 52 1528 1530 155 511
1109 129 899 261 2504 1558 253 254
1110 1672 51 468 2969 2970 2971 2972 959
1111 2274 36 788 2973 478 1311
1112 1220 293 1292 13 883 799 277 947 1492 1493 445 223
1113 2976 2977 98 131 132 1336 2978 2979 361 237 80 919 24 1114
1114 2980 38 499 2260 118 956 254
1115 96 36 2981 2823 1353 1777 2648 155
1116 96 358 679 136 361 682 653 1328 114 242 2551 286
1117 294 295 2982 2983 74 46 53 2937
1118 1345 1347 36 2245 2984 2058 109 110 55
1119 34 2434 37 105 42 2985 2986 45 109 55 252 1662
1120 769 35 36 165 388 2597 1514 1802 141 46 1805 2988 882 2989 2990 695
1121 771 388 1992 2120 45 654 2991 1042 52 438 2648 286
1122 102 1832 105 109 1133 114 2199 286
1123 2890 46 2992 2993 1235 2994 2517 221 1343
1124 833 2116 906 1020 47 305 1556 118 55 1144 282 764
1125 673 132 41 2893 558 2414 2997 2998 2999 24 3000
1126 66 98 130 79 80 438 87 184 185 3002 1277
1127 832 1026 68 900 2598 145 3003 3004 1469
1128 3008 227 36 867 941 590 307 277 53 887 2804 3007 60 3005 3006 959
1129 134 135 171 267 79 560 1424 87
1130 928 1217 34 35 3009 3010 3011 2505 42 622 623 624 211 630 2009 735
1131 104 107 109 45 110 111 863 252
1132 613 3013 3014 904 3015 1130 3016 3017 989
1133 224 164 3018 941 686 496 277 221 799
1134 1538 47 1395 118 504
1135 2507 45 469 22 55 56 1461 187 61
1136 899 3019 3020 2804 437 2806 2810 1372
1137 96 167 203 3021 79 1040 721 2071 1820 1821
1138 191 36 46 52
1139 35 708 165 732 110 46 462 1969 3022 24 1114 572
1140 36 42 47 3023 243 1523 250
1141 128 353 133 102 998 776 41 1589 280 989
1142 608 2671 1105 3026 3028 1754 1851 2686
1143 133 102 171 267 78 47 118 55
1144 545 355 100 4 446 1700 1583 1809 3029 55 857 858 254
1145 36 1989 788 3030
1146 36 104 105 141 46 110 2703 3031 22 55 1174
1147 705 3035 3036 3032 3033 3034 827 511
1148 133 41 105 236 267 46 878 114 2163 52 53 951
1149 1889 130 1410 2083 261 522 269 79 81 561 2269
1150 197 165 1031 456 554 46 462 2102 1496 3037
1151 132 2347 237 16 116 22 407 3038 221
1152 34 42 756 439 2199 3039
1153 353 136 2030 1018 891 445 382
1154 377 78 79 115 406 87 184 185
1155 2113 732 200 1384 690 275 2579 727 314 155 156
1156 3041 516 293 46 882 883 888 2587
1157 1 3042 3 7 871 393 2172 242 18 1554 1907 2235 1148
1158 608 899 3043 3045 520 41 46 54 507 60
1159 512 610 196 165 511 111 1712 53 56 57 158 159
1160 832 353 3046 106 1494 1590 1181
1161 32 3047 40 1325 1231 243 1461 187 252
1162 1154 901 270 79 115 406 2935 184
1163 1315 902 494 47 754 55 1144 126
1164 1153 76 78 47 2159 184 185 127
1165 608 2434 35 36 165 391 518 105 46
1166 34 803 36 7 362 1290 655 211 216 250 1214
1167 1889 98 2297 377 74 77 405 919 185
1168 132 36 134 3049 171 238 126
1169 72 137 237 399 87 539 540 127
1170 132 237 863 87 539 540 254 127
1171 391 105 45 399 467 1396 190 223
1172 471 35 388 391 105 3051 109 46 51 1174 55
1173 135 171 363 364 3052 81 374 185 538
1174 135 73 77 81 145 374 87 185
1175 66 72 75 87 91 540 126 127
1176 224 1088 1091 36 1416 523 109 766 3055 3056 306 3057 52 277
1177 1952 2372 933 232 74 363 568 1875 184 764 127
1178 3003 2566 77 81 1202 2546 692 117 661 2843
1179 771 302 47 210 3058 3060 3061 120 282 1503
1180 769 516 24 2587 670 159 35 165 2988 48 3008 196 708 2888 223 615 1389 111 3062
1181 2341 491 1776 2130 2419 3070 3064 3065 3066 3068 3069 1822
1182 184 221 141 237
1183 131 134 1065 171 267 47 55 382
1184 1056 392 47 1589 55 1178 91
1185 3072 388 614 392 105 652 46 399 1103 755 55 187 765 3071
1186 32 928 961 3073 358 40 42 844 307
1187 2328 1507 197 102 906 47 118 920
1188 3075 36 741 3076 3077 1288 393 395 1993 1165 242 1214
1189 224 1664 228 165 3078 3079 3080 1738 2314 2315 2987 3081 3082 306 2199 222
1190 32 257 2181 38 1353 1294 498 499
1191 1798 391 716 3085 878 2992 51
1192 513 2786 484 2406 2408 1322 3086 3087 1776 3088 2418 3089 3065 411 510
1193 2272 929 34 1315 36 2434 2631 1513 106 109 1325 3092 3093 318
1194 899 73 1258 366 79 80 117 87
1195 1541 295 2023 107 235 109 46 1103 2290 1396 696 190 159
1196 135
1197 160 961 3098 196 297 2194 1528 3096 314 155 156 509 3097
1198 96 994 35 197 1091 1730 1001 526 52 445
1199 1605 105 361 878 528 1235 858 190 863
1200 96 354 133 776 105 2281 46 80 304 52 55
1201 1132 941 3101 2491 219 3100 1437 3102
1202 608 36 677 362 462 209 1362 632 1721 2009 2142 3103
1203 109 755 245 445 446
1204 3105 3106 362 2360 287
1205 3107 714 76 301 118 376 441 2269
1206 3108 3109 3110 3111 3112 3113 3114 2766 147 820 1883
1207 96 951 184 377
1208 96 133 210 52 118 119 57 1756 2078
1209 36 356 3115 243 52 347
1210 1889 130 134 1258 3116 79 376 538 923 700
1211 1027 2120 3117 16 401 1854 53 55 190
1212 96 1283 806 589 494 303 210 118 216 217
1213 708 1095 107 141 46 1103 2064 882 53 54 55 572
1214 1088 1543 1580 45 878 48 852 54 670 159
1215 98 1060 135 73 1258 75 79 919
1216 3110 2414 3118 2096 1042 147 3119 3120 150 151 1592 3122 3123
1217 289 35 100 393 42 395 655 1425 18 3124 3125
1218 1416 1545 1556 670 158 163 165 46 48 53 695 196 2628 715 2653 483 105 878 111 1395
1219 96 3128 936 1354 427 941 210 245 3126 1015 3127 3129 2554 3131 1437
1220 137 301 78 47 302 303 118 1589 187 1180 253 126
1221 774 1995 300 141 1750
1222 377 74 75 79 80 117 185 127
1223 96 1091 389 520 361 78 371 118
1224 128 3136 3138 676 3140 617 235 3133 1982 151 3134 541 1630 3135
1225 96 673 36 3141 47 118 87 286
1226 96 133 3142 3048 78 118 184 185 538
1227 197 1030 199 3143 752 1010 1015 318
1228 446 105 46 118 475 572 190
1229 1440 1122 841 3146 3147 2162 243 244 1461 2074 190
1230 802 1820 102 46 55 119 286 127
1231 1984 705 35 36 1446 2476 208 703
1232 133 102 1130 1324 47 302 431 1391 52 118 1144 126
1233 102 776 427 3148 1869 47 1015 280 1594 2559
1234 1248 1569 196 36 519 681 945 1586 895 154 157 735
1235 96 832 132 901 1188 377 75 3150 79 115 951 184 254
1236 102 41 105 46 302 303 754 52 55 575
1237 196 165 2695 104 233 462 3151 433 1496 154 860 1406 895
1238 64 512 418 419 515 2464 422 136 912 3152 3153 1559 2616 601 795
1239 36 104 46 2065 3154 3155 22 57 252 1406
1240 385 674 39 2953 427 52 2815 863 3156 1145 1178 221 127
1241 832 2817 133 137 1419 1899 916 3157 184 185 923
1242 645 39 622 1494 567 1112 3159
1243 130 35 708 293 1406 1319 104 137 712 118
1244 130 700 376 1080 1324 78 47 560 561 374 185 538 572 863
1245 1345 2081 1347 105 107 109 46 3160 159
1246 36 391 1255 105 46 47 110 112 1020 382
1247 320 835 331 1739 14 16 17 307 2613 1270 1271 860
1248 3047 74 46 87 378 187
1249 795 163 422 615 1325 111 187 508
1250 36 394 109 1810 2199 346 1022
1251 1166 948 2357 3162
1252 96 1122 1316 133 3164 3165
1253 130 134 135 1258 78 79 206 373 87 538 698
1254 96 1311 807 80 276 117 87 127
1255 224 36 109 52 2197 3166 3167
1256 96 133 102 391 267 46 47 305 2161
1257 224 165 141 878 111 48 719 51 154 670 159
1258 163 297 670 1004 1325 111 48 878 51 154 507 190 159
1259 3168 3169 3171 708 229 715 1003 1004 55 57 187 223
1260 354 387 293 41 105 141 685 1870 2290 55 697
1261 1730 3174 3175 3176 3177 3178 1136 1624 735
1262 185 377 1545 3179 206 239 2910 1781 184 57 413 1278
1263 2786 196 36 1220 459 556 2541 3180 3181 3182 3183 3184 3185 949 1973 1435
1264 96 130 135 47 80 81 1200 376 185 127
1265 96 770 1756 1092 776 109 52 118 55 989
1266 37 523 141 46 1103 1396 2103 55 56 187 159
1267 102 426 302 79 303 3188 3189 118 376 1501
1268 133 43 715 2163 3191 694 3190 1018 91 126 1407
1269 356 1253 1797 1260 111 3151 55 223
1270 352 1664 44 109 2604 1168 3193 3194 3195 159
1271 354 708 102 199 712 1516 301 920 54 55 118 575
1272 98 1413 74 79 368 721 184 185
1273 36 776 105 302 467 212 52 821
1274 923 104 137 2058 1393 2065 117 1141 187 3196 413 2719
1275 3200 3201 3202 1863 232 1773 2481 3123 2038 2460 988 3198
1276 320 257 164 3203 332 13 1036 275 499 887 155 3006
1277 325 134 46 243 52 726 1115
1278 96 135 75 238 79 184
1279 900 1988 102 392 1868 1389 1556 55 219 190
1280 385 2337 2915 3204 203 893 558 540 61
1281 1949 21 1310
1282 1856 66 356 3206 1064 2921 46 1073
1283 2913 98 261 3207 3208 364 254
1284 66 74 1228 1229 145
1285 96 1186 134 3209 364 80 2548 374 87 376
1286 105 110 1397 55 56 1401 187 188
1287 608 1342 34 2433 232 1662 1752 286
1288 66 2441 2602 3210 3212 917 1659 699
1289 608 391 107 110 1139 2489 571 765
1290 199 776 1098 525 209 210 212 215 822 1502
1291 608 36 775 2058 243
1292 102 776 560 305 920
1293 99 1190 759 79 305 399 1199 87 93
1294 130 133 1324 3213 78 206 239 52 118
1295 1186 110 79 560 561 538 923
1296 608 354 48 1947 1693 2271
1297 2116 1868 302 78 560 46 1391 1589 1503
1298 832 75 76 3215 3216 473 1469
1299 1315 134 714 267 301 78 79 47 206 118 919 184
1300 98 132 135 72 1258 78 79 81 919 87 184 185 538
1301 32 256 257 275 52 499 26 30
1302 96 100 72 136 74 75 269 1651 87
1303 353 385 238 239 497 114 3218 3219 24 1855
1304 96 130 714 77 78 79 184 185
1305 134 41 267 560 1424 115 118 58
1306 1664 2144 3008 36 624 50 1717 54 3158 24 378 635 3103 637
1307 96 98 267 79 47 184 1756 127
1308 109 46 47 858 63
1309 40 50 1235 500 1237 3220 3221 3222 2298 507 3223
1310 97 771 197 1979 118 727 24 443 286
1311 96 192 1697 133 263 74 80 210 916 831
1312 98 72 75 237 1202 115 87 377 127
1313 96 1122 99 3226 976 3224 120 3225 2074 124 2717
1314 36 133 105 46 47 52 118
1315 1536 516 453 295 111 48 56 57 159
1316 132 133 134 80 87 185 1659 63
1317 96 34 771 293 199 3227 47 16 52 2841 1691 3228 286
1318 128 773 136 104 2540 78 1011 376 570 2269 413 382
1319 196 517 582 40 998 1496 460 2281 2030 2590 21 24 56 3230 732
1320 1408 899 74 554 1034 1325 80 81 371 508
1321 96 130 376 1448 267 78 79 47 1651 118
1322 2592 3232 3233 3234 3237 3238 574 2281 1236 2590 767
1323 98 131 104 137 78 79 118 184 538
1324 102 295 208 2323 52 212 213 119
1325 96 353 1889 3046 3240 110 494 1781 1020 413 254
1326 96 2307 391 392 105 1126 427 46 47 528 1103 55
1327 96 171 267 47 303 118 247
1328 827 2402 3242 3243 3244 208 1777 210 219 1438
1329 296 429 46 399 1231 3245 1397 572
1330 96 391 105 107 46 277 26 221 190
1331 36 325 42 298 3247 3248 3249 3250 249
1332 96 66 1122 72 74 238 47 1040 3251 87 120 1788
1333 96 3255 1029 969 208 209 210 242 212 3252 3253 535 3254
1334 361 524 1324 46 465 55 733 127
1335 2083 923 269 2548 3256 91 253 127
1336 928 673 35 1288 3258 42 2317 398 15 402 3259 3257 1722 1307
1337 1346 392 105 2504 47 87 3261 190 127
1338 769 3264 35 2660 165 2057 1514 1803 2067 3262 3263
1339 354 295 109 112 275 52 187 732 445 190
1340 3266 3267 3268 1734 3270 3271 362 1973
1341 224 1057 2661 3272 1833 3273 883 1754
1342 3274 3276 3277 3278 3279 3280
1343 608 2882 4 1605 38 3079 8 329 332 3282 1754
1344 208 658 2995 214 3283 3284 218 220
1345 1312 3287 295 104 3079 2298 703 1042 1618 3286 187 957 223
1346 136 367 3288 3289 3290 155 286 1311
1347 2113 483 356 519 361 107 1513 2090 3291 24 155 156 3293 863
1348 96 2371 3235 499 119 24 474 445
1349 293 107 111 53 57 221 3294
1350 3296 3297 70 1229 789 60 157 3295
1351 36 133 105 109 46 114
1352 1185 1186 771 133 134 46 80 560 52
1353 98 133 134 135 2603 206 118 87 374 377
1354 738 891 1255 681 110 1039 475 221
1355 257 38 487 887 498 499 22 502 155 221 30 1311
1356 2912 1186 1413 3301 135 3302 3303 3052 1463 1659
1357 41 830 52 55 118 1524 1821 542
1358 1219 90 133 74 75 399 81 117 377 58
1359 224 608 3304 3305 883 53 221 511
1360 96 354 802 105 267 46 47 118 254
1361 354 131 3306 3307 46 47 1135 945 22
1362 2520 1258 75 184
1363 36 295 457 3308 46 111 210 52 1175 1080
1364 36 2469 102 230 1126 1131 44 716 1262 3309 3310 52 53 1015 282 863
1365 2400 185 3048 75 206 79 2128 437 184 89 1244
1366 764 107 46 304 528 722 1396 1621 54 1305 572 2910
1367 134 135 171 364 77 46 206 2603 81 117 374 698
1368 738 36 102 1254 392 105 109 941 2519 60
1369 928 393 1388 12 2508 3311 3312 3102
1370 132 134 74 75 399 863 87 254 127
1371 66 2564 133 232 1228 1325 81 3313 377
1372 96 2819 36 199 776 43 45 654 118 442 60 989
1373 832 131 102 777 1257 267 78 47 1583 3314 185
1374 771 2499 7 241 52 991
1375 772 773 41 1322 267 1259 1231 1397 1589 188
1376 640 36 293 102 105 118 55 154 221 223
1377 1153 391 105 110 46 3315 190 382 863
1378 131 230 202 237 78 47 1020 2749 126
1379 161 131 1542 265 457 111 16 498 1235 2613 22 2302 858 2046 799
1380 257 259 53 501 3317 542
1381 2752 245 1311
1382 96 1315 40 841 303 830 915 61
1383 1315 105 44 1104 1777 1526 219 188 190 799
1384 764 136 109 46 528 2995 1364 54 219 124 190
1385 96 354 388 293 1347 199 235 46 111 1103 1502
1386 36 37 391 392 105 1103 145 530 3318 572 766 863
1387 0 36 1607 329 2120 332 109 334 654 975 337 498 307 52 1267 1499
1388 171
1389 96 2557 1315 133 104 681 442 1395 438 3319 857 1244 1085
1390 36 2884 141 46 850 1526
1391 72 74 1258 80 830 87 254 127
1392 928 289 34 1217 2118 2504 42 109 879 1878 285
1393 196 517 198 2281 460 2030 2578 3320 314 155 156
1394 37 105 714 432 723 118 124 254
1395 96 354 1186 102 776 41 105 46 304 52 55 188
1396 130 868 134 376 1016 1020 63 159
1397 96 52 3321 863
1398 3041 1348 202 368 371 662 3322
1399 130 135 171 363 79 184 185 538
1400 163 293 391 1095 105 46 112 55
1401 102 136 105 107 46 111 55 571 572 863
1402 132 1477 269 177 721 116 87 185 3323 126
1403 1186 1156 134 171 365 1742 560 118 1462 3324
1404 353 1315 137 75 235 110 399 468 184 3325 187 895
1405 72 74 171 79 87
1406 391 105 429 110 46 1363 52 3326 190
1407 96 738 1477 2342 1095 392 522 525 46 52 119 1020 190
1408 3328 2436 617 1801 141 695 2299 2046
1409 3329 3330 3331 3332 133 102 3027 473
1410 96 1857 98 130 1889 2261 87 254 127
1411 98 135 72 73 237 81 87
1412 67 391 136 1255 46 1678 863 55 413 766 703
1413 96 133 3333 72 377 74 203 237 79 116 87 185
1414 353 2020 1416 2643 52 53 863 55 1240 1396 858 219
1415 3012 3334 3335 1130 1261 1389 47 282 1180 2652
1416 293 3336 3053 526 118 55 472 57 1341
1417 96 833 102 301 47 304 210 118 1015 1144 569 190
1418 3339 196 261 1310
1419 992 393 210 346 991
1420 34 36 133 293 40 356 452 617 998 1220 1891 1551 20 854 253 286
1421 672 1575 979 377 1439
1422 1216 165 395 398 3341 2736 210 1075 212 216 3257 218 253
1423 131 72 74 861 77 957 3151 117 87 24 858 88 127
1424 74 79 80 372 87 127
1425 96 652 52 55 119
1426 128 1570 2562 77 397 1232 81 58
1427 96 1253 102 105 523 46 114 91
1428 164 36 2180 499 2325 55 2231 191
1429 36 141 52 568
1430 1315 36 105 2069 127
1431 102 3246 3343 304 212 219
1432 131 132 137 1789 79 80 81 919 3344 117 957
1433 0 224 2882 933 935 1999 273 3345 3346 277
1434 0 2529 6 43 334 655 209 337 276 3348 118 1272 1118 1082 446
1435 1344 130 137 74 107 77 80 1200 2064 118
1436 137 171 79 55 469 184 185
1437 130 376 135 363 78 79 206 118 184 185
1438 230 391 105 107 46 114 115 3349 55 1080 190 863
1439 358 494 47 210 118 124
1440 96 131 3359 808 1322 107 495 2484 474 3355 1404 3357 286 863
1441 738 102 906 109 47 210 118 989
1442 3360 66 72 87 126 539
1443 1057 3362 3363 3364 2577 882 2943 1592 799
1444 3203 524 527 1046 2085 3365 3366 3367 3368 2474 852 1493 1495 1636 500 502 1662
1445 96 34 3 902 42 109 944 215 154 446
1446 128 866 1570 196 165 1031 137 3370 459 1100 1131 3371 3372 1363
1447 353 321 1605 38 2823 2157 3373 3374 465 1267 22
1448 128 1088 422 2406 2666 141 3375 3376 883 1493 727 2330 799
1449 929 34 1662 314 1554 211 756 1397 3092 507 285 286
1450 159 3175 1546 2506 1004 1326 1555 2645 24 413 223
1451 1429 2336 549 3378 3380 3381 3384 3385 3386 3383 3387 3388 3389 1220 478 880 893 254
1452 36 774 359 788 21 1236 1526 60 3390 447
1453 608 2318 1140 346
1454 135 137 1258 1324 77 206 80 117 87 185
1455 96 3392 36 1041 442 3391
1456 3393 388 104 877 24 223
1457 66 98 130 1186 3394 135 73 2602 364 79 80 560
1458 899 132 2758 74 469 87 2234 127
1459 3395 3396
1460 354 36 105 297 109 1389 2254 1396 118 55 286 703
1461 96 131 134 41 74 267 560 54 22 863
1462 388 104 876 110 111 55 54 22 252
1463 928 165 3397 3398 362 1514 1010 1528 315
1464 608 36 43 189 191
1465 3400 526 241 242 756 726 991
1466 161 163 484 296 491 2412 2414 3086 3088 145 2418 499 21 2719
1467 129 3233 261 3238 3402 3403 3404 3405 3406 2649 445 767
1468 72 267 2700 237 557 207 2065 254
1469 3104 740 36 145 2098 3351 2040 1117
1470 132 389 74 233 842 2923 399 145 433 469 1141 55 378 1918
1471 96 522 79 80 239 115 118 87 120 377 184
1472 66 354 1325 110 1392 3408 117
1473 96 74 43 118 126
1474 1416 105 1801 2512 1777 476
1475 96 46 976 52 119 118 87 1277
1476 1347 104 681 13 275 277 1278 223
1477 419 3299 719 3411 3412 3413 3414 3415 3416 3417 670 1343
1478 289 34 40 1225 42 43 1673 45 2060 3418 250
1479 2273 387 137 696 1048 187 572 190
1480 196 198 486 519 939 3083 1617 727 154 3420 3422 3423
1481 3424 1153 171 302 184 859 863
1482 1825 3425 167 104 202 204 2868 3196 413
1483 928 3426 164 36 229 932 1222 395 52 2554 541
1484 2147 133 134 137 267 46 55
1485 418 3427 3428 2565 3429 1960 590
1486 66 72 238 79 87 539
1487 96 480 1122 772 3430 46 1775 1392 243 2995 118 2879
1488 96 3431 77 124
1489 135 72 73 78 79 270 81 127
1490 3432 254
1491 35 154 3433 3434 720 24 3037
1492 3435 3436 3437 527 756 1238
1493 325 395 3438 3439 1148
1494 224 3440 883 3186 1493 1046 55 56 187 765 223
1495 131 105 2602 107 78 46 47 3441 3442 863 63
1496 992 197 46 526 20 1204 1662 223
1497 385 770 1283 494 2323 2264 124
1498 96 134 171 364 80 560 118 184 185 538 830
1499 0 96 835 1315 199 8 1739 337 915 3443 3356 1020
1500 928 36 133 1798 2632 624 2772 3349 1181 3444 3445
1501 1122 772 235 301 305 118 55
1502 2434 36 165 1259 45 46 3446 1016 863
1503 133 102 171 560 976 87 2232 3447
1504 105 107 267 109 46 114 1235 52 55 2877 1662 863
1505 96 133 102 105 267 78 46 305 190
1506 130 1186 80 374 87 376
1507 353 104 137 45 187 2226 20 1494 413 57 1114 61 159
1508 2593 196 422 295 1545 3448 187 1006 888 155 508 3262
1509 131 132 1412 230 137 237 110 22 2777 187 861 127
1510 356 357 360 105 457 107 1517 46 275 52 1079 1308 24 3451 572
1511 353 133 1542 74 235 78 1395 276 55 1369 1754
1512 135 78 79 87 185 923 254 127
1513 128 67 70 71 136 908 3084 3187 3453 3452
1514 387 36 2020 1545 523 109 46 1103 528 821 55 572
1515 36 325 1189 42 362 241
1516 3457 3458 36 309 2492 60 1479 843 845 846 853 1372 2292 2804 2294 2295 2296 3455
1517 1570 70 135 72 73 1623 87 378 127
1518 35 36 486 2531 3460 2674 20 52 1236 1526 2683 252 735
1519 1986 197 102 1126 875 53 118 438
1520 608 362 141 1140 2647 568
1521 3462 75 43 493 47 52 118 126
1522 3463 72 237 238 915
1523 2627 708 1253 392 1389 46 55 764
1524 261 357 358 3464 3465 3244 80 1368 1082 1308 863
1525 46 527 141 1140
1526 1091 2597 295 47 696 442
1527 1347 1349 166 3466 3467 662 1303 541 191
1528 961 100 964 746 3468 438 287
1529 163 1315 2341 230 1257 2252 3469 1972
1530 1664 481 36 1662 109 55 2199 286
1531 1504 131 133 134 104 137 233 2056
1532 96 832 133 72 74 75 115 951 127
1533 133 712 842 110 145 1469
1534 2722 1352 617 3470 3471 156 2461
1535 102 1127 136 2512 3472 3473 53 187
1536 1386 3474 3475 2036 3476
1537 385 133 74 80 81 1918 117 3477 3478 254
1538 196 3480 3174 462 21 1528
1539 196 40 1961 107 46 530 20 956
1540 2020 72 137 75 77 78 79 237 1359 2485 538
1541 128 130 133 87 538 127
1542 96 293 295 391 2601 107 878 528 53 55 3481 764 190
1543 354 227 104 275 20 883 729 445 223
1544 1088 1091 516 3171 109 3352 3482 3483
1545 133 104 915 564 22 477
1546 608 2031 20 22 3484 155 2492 479
1547 1115 427 209 242 210 1172 219 1980 1854 543
1548 171 239 116 55 87 184 185
1549 385 1889 2953 78 145 276 2071 252 3486
1550 1442 35 2340 197 1502 1031 1979 653 1327 52 439 280 443 1309 3487
1551 3488 3489 163 356 1114 70 361 522 844 46 1617 314 155 1308 957 763
1552 128 389 199 136 105 361 776 1324 46 242 118 1278 571 764 863
1553 1409 1413 105 137 364 79 698 863
1554 802 3490 804 776 713 714 302 47 208 303 210 398 1297 3188 3189 1119
1555 2890 1101
1556 1122 301 45 212 54 55 2013 703
1557 354 523 46 2290 52 55 957 190
1558 449 418 707 164 676 2829 2299 465 57 2330 158 959
1559 801 1760 3491 137 841 1452 301 184 185 126 255
1560 932 902 3492 873 2058 235 941 945 914 52
1561 704 1216 35 2694 3494 1514 752 2012
1562 131 2501 1448 239 433 821 442 187 1278
1563 96 1889 98 261 74 267 1258 81 919 117 118 55
1564 1342 36 1225 42 211 632 2009 442 286
1565 615 519 617 3496 395 3497 3375 1586 3220 1079 2365 541 2423
1566 131 1414 72 1258 1324 80 1200 1364 694 87 127
1567 96 807 776 3498 1624 2289 119 120 124 125 735
1568 96 291 199 361 74 3499 941 1969 210 2554 277 26
1569 2786 492 3501 3500 2360
1570 1345 131 41 105 46 78 527 87
1571 128 513 2058 108 111 1009 3186 3503 2644 56 154 187 159
1572 770 708 295 137 361 107 55 187 572
1573 230 2054 74 75 237 373 87 184 127
1574 134 171 364 80 79 206 3504 118 374 863
1575 96 131 102 105 267 1324 47 3505 3506 87 2269 863
1576 291 1321 1449 2089 912 178 3507 3508 795 157
1577 128 1153 133 102 115 87
1578 2593 2184 105 681 235 523 715 114 52 1079 55 1342
1579 80 74 133
1580 224 164 4 871 2858 427 971 47 305 337 3510 280 155
1581 96 257 1058 650 271 754 505 1052 1053 2302 1055
1582 96 131 808 137 1258 363 77 206 185 538 923 863
1583 265 2950 382 2302
1584 34 37 293 391 105 107 46 2161 52 1303 764 221 190
1585 704 289 928 100 197 3494 1289 945 3511 3512 2522 1022
1586 131 135 77 206 919 373 87 184 185
1587 774 2890 715 2123 2194 147 1140 3515
1588 1216 325 453 7 1029 2887 1388 272 209 735 1073 507 957 2175 63
1589 36 105 114 243 52 55 188
1590 133 1259 78 46 305 1016 282 61
1591 1374 419 36 483 3518 903 457 187 46 55 24 57 155 572 157 221
1592 554 77 2064 3519
1593 109 1103 688 306 882 52 222
1594 1463 1186 171 267 79 560 118 87 185 538 254
1595 2048 3521 3522 1859 3524 614 1543 2023 878 2290 799
1596 3525 3526 105 235 45 110 1469 1526 154 1181 159
1597 66 674 2566 232 73 74 75 399 951 1202 87 127
1598 1140 147 36
1599 899 1955 1956 3428 136 3528 1322 3529 3244 590 366 254
1600 96 2116 3338 3530 3531 653 2319 3533 3534 916 3481
1601 96 131 72 137 237 1202 117 185
1602 1092 295 266 46 47 3535 1589 55
1603 96 36 528 55 187 190 159
1604 96 385 356 388 1318 957 499 729 245 55 474 445
1605 130 73 1612 77 80 117 87
1606 131 1607 1678 3536 87 253 1082 1083 445 1310
1607 483 517 1005 1136 1585 3537 3538 3539 3540 2454 728 155 732 509
1608 102 715 878 1395 52 1556 282 159
1609 674 1187 3543 3544 3545 919 3546 3542 183 184 185 2106 540 862
1610 96 102 46 560 1523 52 118 55 863
1611 36 613 109 47 141 53 56 57 3548 1437
1612 128 1923 37 453 136 462 1555 1528 57 541 159
1613 708 613 3036 1502
1614 96 133 135 75 80 115 87 377
1615 96 325 427 243 244 119 247 126
1616 372 2214 548 87
1617 3550 134 135 171 81 87 88 3549
1618 98 131 135 137 1325 81 723 87 184 698
1619 3072 1253 391 295 105 46 190 799
1620 2048 3552 66 354 36
1621 3553 482 3554 356 261 998 3555 107 1131 113 2643 52 1526 2292 1240 1595
1622 96 3556 472 40 104 3371 957 433 2835 276 1044 24
1623 26 3559 105 1466 190
1624 3561 2285 1198 270 3024 2806 2488
1625 80 130 78 919
1626 130 131 132 78 80 185 538 254
1627 1184 3493 1127 392 3562 3563 3564 1135 944 2960 3567 3568 222
1628 96 1122 2074 134 3569 1523 1754
1629 1218 392 105 1103 1140 53 1078 1556 1752 154 891 2815
1630 102 871 902 941 302 303 657 210 216 377 2554
1631 134 528 1397 118 55 863 858 1020 861 126 127
1632 3575 4 5 678 1604 1608 1740 333 307 3571 3572 3573 1271 3574 314
1633 133 361 74 75 80 87 127
1634 96 134 104 267 47 433 185 413
1635 832 2434 105 109 46 52 55 91
1636 163 1253 391 1255 235 109 46 55 863
1637 223 36 104 105 235 110 52 53 55 154 382
1638 135 73 41 75 366 80 371 1141 87 3576 1788 127
1639 1697 74 3020 3577 206 79 1806 406 87 185 3578
1640 293 765 557 500 438 474 27 445
1641 712 105 2028 301 46 2719 305 114 498 1874 1875
1642 483 21 22 159
1643 228 1732 241 788 3579 250 347 60
1644 832 66 675 292 1580 1583 3580 442 3452 3581 542
1645 3584 1699 934 968 10 331 971 334 15 2158 273 2235 2589
1646 96 1547 653 756 860 575
1647 105 3585 863 223
1648 1057 34 98 55 26 1303 2719
1649 608 473 110 78 47 184 1277 191
1650 3586 3587 3588 3589 3590 3591
1651 3170 3173 2984 3593 618 3594 44 1548 46 463 3597 51 2326
1652 131 132 72 267 237 1549 80 405 22 2071 3516 539
1653 135 1258 171 363 206 3598 434 115 373 184 185
1654 548 141 126 127
1655 291 100 708 2949 111 1586 883 314 511
1656 3601 3602 3603 3604
1657 163 2020 295 107 523 1103 112 3605 190
1658 96 1412 72 171 237 79 1199
1659 1986 3607 1126 906 1130 2797 1012 1015 2015 1502 703
1660 2499 241 242 250
1661 3608 3609 715
1662 393 394 1490 3610 250 1115
1663 3426 676 939 940 2287 306 3032 221 795 3611
1664 2120 523 3084 46 3069 2905 3612 765
1665 135 363 76 79 434 184 185 538 699 63 127
1666 35 2216 141 462 752 147 1140 2963 3614
1667 1604 871 1606 2567 973 2543 1523 119 1016 441 446 3615
1668 96 3616
1669 3617 3618 3619 1124 3621 3622 210 1372
1670 241 36
1671 897 132 484 2279 3623
1672 128 385 674 135 2311 41 75 3624 3625 81 951 1465 58
1673 1153 2338 776 47 118 55 184 1525 859
1674 96 133 357 135 74 77 120 127
1675 512 2593 2467 196 519 1528 3626 460 844 1136 2706 856 795 508 735
1676 551 104 776 235 2476 878 114 53 90
1677 35 36 37 388 1030 1256 3627 1389 46 2605 752 3628 118 119 442 572
1678 1477 42 522 1389 111 52 475 286
1679 1258 47 1401 538
1680 133 74 1293 1294 3629 3630 542
1681 2785 2276 3639 551 3631 3632 3633 3634 3635 3637 3638
1682 617 1545 1677 2065 2353 883 2609 223
1683 928 353 865 1923 196 3398 1010 438 1528 3641 158
1684 1217 450 1225 42 3180 655 947 3092 1878 285
1685 96 998 53 119 1528 1530 3643 510 1535
1686 608 36 1140 2647 568 2429
1687 70 2289 119 2073 124 3645
1688 577 1873 1236 119 3646 767
1689 3201 3553 2371 1988 1071 3570 951
1690 128 255 2311 3624 41 77 45 3647 951 87 90 127
1691 133 74 77 81 1202 863 87
1692 356 197 199 776 1098 208 989 2013 212 54 280 1278 253 158 159
1693 128 376 102 70 136 120 1630
1694 3648 66 134 363 238 435 1143 2485 254 185 90 1787 126 2335
1695 673 133 134 109 47 187
1696 257 3649 1677 883 277 22 26 221
1697 2003
1698 288 131 132 133 389 74 237 399 22 540 957
1699 159 3650 45 1807 3282 3347 3580 223
1700 1091 3651 3652 1128 1003 108 878 2322 279 1467 252 3423
1701 96 40 109 302 47 560 915 52 1589 118 1502 863
1702 32 161 196 3653 3654 3655 3656 3657 362 3658 2669 1333 727 729 474 3292
1703 41 74 45 80 52 87 539
1704 385 132 134 79 47 114 52 116 184 252 1502 863
1705 353 104 137 361 1324 957 1487 2065 22 1081 1308 413
1706 1183 388 1253 392 105 1416 46 112 571 187
1707 1893 70 3659 3660 1623 601 2268
1708 36 1126 3661 782 3279 785 2577 3662 2683
1709 132 516 295 3151 275 1235 22 989
1710 1258 77 1202 1306 863
1711 352 608 1091 102 47 2586 55 1178 2429 3423
1712 391 392 1386 107 46 1103 112 3664 1396 55 696 190
1713 102 42 267 652 47 431 1589 55
1714 96 1888 98 1410 376 3142 263 714 269 3442 184 185
1715 3298 163 100 708 518 235 2795 46 50 882 53 821
1716 1798 1288 42 1836 3665 211 3261 2998 119 125 286 895
1717 802 35 1033 1324 110 3666 118 824 90 767
1718 199 302 47 494 659 118 2839 254
1719 2498 131 483 231 1416 1257 2985 2353 276 22 891 223
1720 2360 1091 645 623 145 625 3668 3669 3670 24
1721 36 332 2892 378 879 498 307 1144 1020
1722 3672 564 3671
1723 136 2161 20 538 155
1724 164 36 680 941 887 3673 3674 3675 1308 895
1725 2382 563 740 2003
1726 96 738 802 43 301 80 210 118
1727 1260 109 46 467 52 1461 918 252 61 1662 3676
1728 897 194 36 171 267 1259 1461 118 188
1729 1128 105 906 3678 878 473 3677 670
1730 3680 1901 3679
1731 2401 3682 391 1255 105 78 305 1974 282
1732 2498 485 3685 487 3686 3687 685 1326 3022 22 445
1733 288 36 7 3688 3689 655 240 1329
1734 66 1315 72 1448 399 145 433 2835 245 22 1754 126
1735 439 34 131 1122 210 55 24 190 286
1736 2696 171 55 254 859 830
1737 391 392 105 107 3691 46 1103 52 1396 55
1738 1218 1545 171 109 858 187 254 286
1739 2469 1255 1128 44 3692 878 111 1168 3441 1175 2910
1740 105 1545 1259 46 1231 467 2643 1397 918 55 764 1662
1741 96 70 136 808 1448 77 46 120 2269 127
1742 1248 876 3693 3694 154 1883 1021 159
1743 296 442 254 271
1744 128 102 232 906 979 980 1556 282
1745 257 3365 235 3696 2065 3697 307 3698 1592
1746 171 267 364 79 47 437 1814 863
1747 832 136 377 77 270 184 185
1748 3298 107 2385 3700 3353 2298 1691 764
1749 673 66 98 131 102 72 377 87 184 185 1276 1278
1750 105 2638 3186 2900 55 571
1751 196 1612 1202 3701 22 87 3702 185 58 539
1752 102 105 47 210 52 3703 697
1753 96 771 806 1254 241 52 3579
1754 128 515 510 426 3704 54 790 376 3705 3706 795 62 415
1755 106 940 3707 3708 1438
1756 34 195 196 483 486 3709 200 939 52 155 763 1309 479
1757 385 66 446 74 75 334 276 126
1758 105 953 36 102
1759 3712 513 3235 519 3710 462 2030 2579 2649 314 508 510 3711
1760 3713 35 36 293 3597 1583 624 50 2008 632 1721 2142 2143
1761 35 3715 197 104 105 1416 109 46 57 1051 158
1762 834 3716 948 52
1763 98 137 74 1324 22 378 923 127
1764 96 1218 389 3718 2058 459 45 141 2703 56 1883 413
1765 32 353 355 1859 1545 2730 2604 759 282 2462
1766 192 36 3719 956 107 401 1426 438 1046 1496 442 187 220
1767 66 130 131 74 202 80 382 127
1768 96 802 580 776 42 243 504 125
1769 97 36 740 836 242 726 250 347
1770 993 228 2340 2856 44 654 879 54 1752 221
1771 923 1051 202 363 204 1143 185 859
1772 3720 3721 3722 1036 3724 3386 478
1773 515 422 426 3498 3725 1011 3191 601 794 508 735
1774 795 769 418 67 1092 965 422 1482 109 3726 3727 531 2579 2264 155
1775 864 109 941 16 1650 54 55 990
1776 770 165 104 235 2065 2193 3729 3730 3732 3733 252 3677 607
1777 1542 1257 106 107 1385 3245 46 3734 858 254
1778 96 998 776 3735 235 52 118 854 282 732
1779 128 418 1956 358 366 590 594 3736 3738 3739 3295
1780 608 36 102 141 52 53 54 1108
1781 102 105 46 1589 118 3156 282 863
1782 3740 163 1315 870 105 527 2073 313 476 286
1783 128 2311 1624 796 3741 542
1784 325 242 1523 213 1980 126 1151
1785 224 3681 2826 971 460 1338 2674 438 343 24 314 732 478
1786 96 1315 1604 2820 78 1589 1144 2782
1787 3744 3745 962 3746 3747 3748 3749 3750 1512 3751 362 3752 3743 155 763 3742
1788 1304 2594 517 198 967 460 2453 727 24 155 509 2264 479
1789 3073 358 102 3754 395 2736 306 2168 3034
1790 96 1446 391 105 46 243 765
1791 163 36 105 106 233 361 1257 46 111 55 159
1792 96 1253 1389 46 1615 528 722 55 764 446
1793 353 483 389 839 3755 45 1197 1043 276 52 55
1794 165 391 105 107 46 462 1039 1298 118
1795 257 879 1105 498 883 277 799
1796 34 578 36 803 2089 42 3756 16 210 531 657 756 286
1797 483 3757 3758 22 472 1179 1823
1798 356 231 360 105 361 107 2281 1078
1799 832 1153 98 1412 135 72 75 267 79 3760 115 184
1800 353 1122 3145 236 493 3533 1775 2162 55 1240 2072
1801 136 137 765 524 1324 111 118 55 187 413
1802 98 72 74 377 79 80 3761 373 185 538 923
1803 96 560 3762 52 756 118 254 126
1804 135 267 363 3213 206 78 3763 374 185 538 413
1805 1092 293 1541 109 112 1104 3764 55 57 190
1806 2946 36 3767 275 3769 3765 3766 887 3768 1209
1807 1122 137 75 267 1868 78 3533 55 121 1239 572
1808 3772 517 198 2856 460 1328 474 1968 1236 2068 854 729 155 732 3773
1809 481 34 133 231 40 457 652 209 1234 1235 572 3774
1810 3713 644 165 70 632 844 462 622 2476 2703 54 24 3775
1811 72 74 1324 80 916 1144 857 923 254 127
1812 3776 223 165 105 235 109 111 2065 22 187 413 159
1813 133 105 137 1258 1324 78 22 55 187 572
1814 354 1858 388 105 46 2478 118 764 1183
1815 3777 3778 516 453 1712 2517
1816 1057 290 3779 3780 166 1351 3781 20 279 1114 1725
1817 135 72 73 74 1258 77 374 957 127
1818 74 399 80 187
1819 354 356 37 133 1092 41 74 1783 55 1082 27 1310
1820 131 133 137 110 1651 1556 55 185 282 923 252 159
1821 96 352 2401 772 302 47 304 254
1822 97 1122 1401 1263 756 217 250 188
1823 1024 611 713 3016 302 305 53 280 1594 2652 2013 1502 703
1824 3008 1114 104 143 51 154 187 158 159
1825 36 708 3783 105 250 3605 122 476
1826 545 1315 4 446 6 871 1699 3784 13 334 15 1551 242 857 441 126
1827 3041 196 1347 893 735 883 20 277 278 729 155 445 479
1828 1952 66 3786 3787 2060 3788 2094 879 3789 3790 3791 3792 1981
1829 197 165 617 48 3794 883 2451 3795
1830 867 36 590 499 3796 3797 30 191
1831 96 655 1167 1745 242 726 254 217 126
1832 377 1258 76 206 374 3799 184 185 538
1833 1315 100 934 2158 3470 273 498 116 277 3801 3802 3803
1834 1760 2976 931 3804 2279 3805 1161 555 1036 1743 3379 245 126
1835 192 738 102 1126 235 78 1015 1171 920 282 91
1836 192 352 673 770 1156 261 102 3359 40 237 80 276 404 87 378 91
1837 418 301 77 3569 22 87 376
1838 803 1290 655 211 1682 1975 2170 3806 3807
1839 3808 1857 98 135 1452 77 79 1549 1651 2071 87 184 377 955
1840 832 3809 292 133 165 389 1580 45 2028 48 1777 1395 55 56 1277
1841 802 3810 388 293 772 1092 137 303 118 54
1842 98 99 130 101 131 1421 79 80 1199 88 185 216
1843 545 3812 3813 3814 334 655 1275 2255 242 1427 2256 2005 857 1115 444 1118
1844 1446 3815 3816 3817 589 1869 212 1076 214 1690 827 2013
1845 66 98 132 893 798 951 3217 254 406 55 1143 2175 2485 539 126 1919
1846 832 1538 235 3819 46 47 114 754 1556 118 694 282 830 3551
1847 96 1156 134 1261 3569 52 118 376
1848 132 552 74 204 3820 3821 660 185 127
1849 263 2696 270 79 3822 1395 951 473
1850 132 133 237 910 975 499 22 445
1851 1315 134 47 1015 1461 87 2427 254 863
1852 1315 36 446 1092 47 754 52 118
1853 2976 325 1798 40 522 188 52 252 119 856 1401 124
1854 900 377 809 78 270 3824 305 1589 185 282 671
1855 227 196 485 1476 487 1618 275 22 887 1526 155 156 445 735
1856 106 2058 45 495 1393 55 154 413
1857 1540 2661 141 271 275 499 502 441
1858 1183 391 392 105 55 863
1859 516 1095 523 107 2927 3826 52 765
1860 96 66 135 1258 47 81 374 1277
1861 73 1612 77 46 141 1232 81 55
1862 225 3201 228 677 1444 1992 654 306 2975 223
1863 1956 3428 358 998 3528 1322 590 1487 3827 2293 3453 254
1864 388 105 109 45 46 878 53 159
1865 2429 1947 1140 141
1866 1441 2210 133 3831 980 3828 3829 3830 2076 1439
1867 3714 644 3834 3832 632 1721 2234 3835 2686 2847
1868 224 1536 354 36 197 388 1891 3040 109 1103 57 891 221
1869 1347 36 293 388 708 1092 107 1328 54 55 572 765 2910
1870 3841 196 486 3709 1513 1034 3836 844 908 3837 727 2617 763 508 3838 3839
1871 1216 1 289 2532 1029 1990 1991 1289 3494 12 1906 217 284
