org_id	remap_id
2	0
3	1
4	2
5	3
6	4
7	5
8	6
9	7
10	8
11	9
12	10
13	11
14	12
15	13
16	14
17	15
18	16
20	17
21	18
22	19
23	20
24	21
25	22
26	23
27	24
28	25
29	26
30	27
31	28
32	29
33	30
34	31
35	32
36	33
37	34
38	35
39	36
40	37
41	38
42	39
43	40
44	41
45	42
46	43
47	44
48	45
49	46
50	47
51	48
52	49
53	50
54	51
55	52
56	53
57	54
58	55
59	56
60	57
61	58
62	59
63	60
64	61
65	62
66	63
68	64
69	65
70	66
71	67
72	68
73	69
74	70
75	71
76	72
77	73
78	74
79	75
80	76
81	77
82	78
83	79
84	80
85	81
86	82
87	83
88	84
89	85
90	86
91	87
92	88
94	89
95	90
96	91
97	92
98	93
99	94
100	95
101	96
102	97
103	98
104	99
105	100
106	101
107	102
108	103
109	104
110	105
111	106
113	107
114	108
115	109
116	110
117	111
118	112
119	113
120	114
121	115
122	116
123	117
124	118
125	119
126	120
127	121
128	122
129	123
130	124
131	125
132	126
133	127
134	128
135	129
136	130
137	131
139	132
140	133
141	134
142	135
143	136
144	137
145	138
146	139
147	140
148	141
149	142
150	143
151	144
152	145
153	146
154	147
155	148
156	149
157	150
158	151
159	152
161	153
162	154
163	155
164	156
166	157
168	158
170	159
171	160
172	161
173	162
174	163
175	164
176	165
177	166
178	167
179	168
180	169
181	170
182	171
183	172
184	173
185	174
186	175
187	176
189	177
190	178
191	179
192	180
193	181
194	182
195	183
196	184
198	185
200	186
201	187
202	188
203	189
204	190
205	191
206	192
207	193
208	194
209	195
210	196
211	197
212	198
213	199
214	200
215	201
216	202
217	203
218	204
219	205
220	206
223	207
224	208
225	209
226	210
227	211
228	212
229	213
230	214
231	215
232	216
233	217
234	218
235	219
236	220
237	221
238	222
240	223
241	224
242	225
243	226
244	227
247	228
248	229
249	230
250	231
251	232
252	233
253	234
254	235
255	236
256	237
257	238
258	239
260	240
261	241
262	242
263	243
264	244
265	245
266	246
267	247
268	248
269	249
270	250
271	251
273	252
274	253
275	254
277	255
278	256
279	257
280	258
281	259
282	260
283	261
284	262
285	263
286	264
288	265
289	266
290	267
291	268
292	269
293	270
294	271
295	272
296	273
297	274
298	275
299	276
300	277
301	278
302	279
303	280
304	281
305	282
306	283
307	284
308	285
310	286
311	287
312	288
313	289
314	290
315	291
316	292
317	293
318	294
319	295
320	296
321	297
322	298
324	299
325	300
326	301
327	302
328	303
329	304
330	305
331	306
332	307
333	308
334	309
335	310
336	311
337	312
338	313
339	314
340	315
341	316
342	317
343	318
344	319
345	320
346	321
347	322
348	323
349	324
350	325
351	326
352	327
353	328
354	329
355	330
356	331
357	332
358	333
359	334
360	335
361	336
362	337
363	338
364	339
365	340
366	341
367	342
368	343
369	344
370	345
371	346
372	347
374	348
375	349
376	350
377	351
378	352
380	353
382	354
383	355
385	356
386	357
387	358
388	359
390	360
391	361
392	362
393	363
394	364
395	365
396	366
397	367
398	368
399	369
400	370
401	371
402	372
403	373
404	374
405	375
406	376
407	377
408	378
409	379
410	380
411	381
412	382
413	383
414	384
415	385
416	386
417	387
418	388
419	389
420	390
421	391
423	392
424	393
425	394
426	395
427	396
428	397
430	398
431	399
432	400
433	401
434	402
435	403
436	404
437	405
438	406
439	407
440	408
441	409
442	410
443	411
444	412
446	413
447	414
449	415
450	416
451	417
452	418
453	419
454	420
455	421
456	422
457	423
458	424
459	425
460	426
461	427
462	428
463	429
464	430
465	431
466	432
467	433
468	434
469	435
470	436
471	437
472	438
473	439
474	440
475	441
476	442
477	443
478	444
479	445
480	446
481	447
482	448
484	449
485	450
486	451
487	452
488	453
489	454
490	455
491	456
492	457
493	458
494	459
495	460
496	461
497	462
498	463
499	464
500	465
501	466
502	467
503	468
504	469
506	470
507	471
508	472
509	473
510	474
511	475
512	476
513	477
514	478
515	479
516	480
517	481
518	482
519	483
520	484
521	485
523	486
525	487
526	488
527	489
529	490
530	491
531	492
532	493
533	494
534	495
535	496
536	497
537	498
538	499
539	500
540	501
541	502
543	503
544	504
545	505
546	506
547	507
548	508
549	509
550	510
551	511
552	512
553	513
555	514
556	515
557	516
558	517
559	518
560	519
561	520
562	521
563	522
565	523
566	524
567	525
568	526
569	527
570	528
571	529
572	530
573	531
574	532
575	533
576	534
577	535
578	536
579	537
580	538
581	539
582	540
583	541
584	542
585	543
586	544
587	545
589	546
590	547
592	548
593	549
594	550
595	551
596	552
598	553
601	554
602	555
603	556
604	557
605	558
606	559
607	560
608	561
609	562
611	563
612	564
613	565
614	566
616	567
617	568
618	569
619	570
620	571
621	572
622	573
623	574
624	575
625	576
627	577
628	578
629	579
631	580
632	581
633	582
634	583
635	584
636	585
637	586
638	587
639	588
640	589
641	590
642	591
643	592
644	593
645	594
646	595
647	596
649	597
650	598
651	599
652	600
654	601
655	602
656	603
657	604
658	605
659	606
660	607
661	608
662	609
663	610
664	611
665	612
666	613
667	614
668	615
669	616
670	617
671	618
672	619
673	620
674	621
675	622
676	623
677	624
678	625
679	626
680	627
681	628
682	629
683	630
684	631
685	632
686	633
687	634
688	635
689	636
690	637
691	638
692	639
693	640
694	641
695	642
696	643
697	644
698	645
699	646
700	647
702	648
703	649
704	650
705	651
706	652
707	653
708	654
709	655
710	656
711	657
712	658
713	659
714	660
715	661
716	662
717	663
718	664
719	665
720	666
721	667
722	668
723	669
725	670
726	671
727	672
728	673
729	674
730	675
731	676
732	677
733	678
734	679
735	680
736	681
737	682
738	683
739	684
741	685
742	686
743	687
744	688
746	689
747	690
749	691
750	692
751	693
752	694
753	695
754	696
756	697
757	698
758	699
759	700
760	701
761	702
762	703
763	704
764	705
765	706
767	707
768	708
769	709
770	710
771	711
772	712
773	713
776	714
777	715
778	716
779	717
780	718
781	719
782	720
784	721
785	722
786	723
787	724
788	725
789	726
790	727
791	728
792	729
793	730
794	731
795	732
798	733
799	734
800	735
801	736
802	737
804	738
805	739
806	740
807	741
808	742
809	743
810	744
812	745
813	746
814	747
815	748
816	749
817	750
818	751
819	752
820	753
821	754
822	755
823	756
824	757
825	758
826	759
827	760
828	761
829	762
830	763
831	764
832	765
834	766
835	767
836	768
837	769
838	770
839	771
840	772
841	773
842	774
843	775
844	776
845	777
846	778
847	779
848	780
849	781
850	782
851	783
852	784
853	785
854	786
855	787
856	788
858	789
859	790
860	791
861	792
862	793
863	794
864	795
865	796
868	797
869	798
870	799
871	800
873	801
874	802
875	803
876	804
877	805
878	806
881	807
882	808
884	809
885	810
886	811
887	812
888	813
889	814
890	815
891	816
893	817
895	818
896	819
897	820
898	821
899	822
900	823
903	824
904	825
905	826
906	827
907	828
908	829
909	830
910	831
911	832
912	833
913	834
914	835
915	836
916	837
917	838
919	839
920	840
921	841
922	842
924	843
925	844
926	845
927	846
928	847
929	848
930	849
931	850
932	851
933	852
934	853
935	854
936	855
938	856
939	857
940	858
941	859
942	860
943	861
946	862
948	863
949	864
950	865
951	866
952	867
953	868
954	869
955	870
957	871
958	872
959	873
960	874
961	875
962	876
963	877
964	878
965	879
966	880
967	881
968	882
969	883
971	884
972	885
975	886
976	887
977	888
978	889
979	890
980	891
981	892
982	893
984	894
985	895
986	896
987	897
989	898
990	899
991	900
993	901
994	902
995	903
996	904
997	905
998	906
999	907
1001	908
1002	909
1003	910
1004	911
1005	912
1006	913
1007	914
1008	915
1009	916
1010	917
1011	918
1012	919
1014	920
1015	921
1016	922
1017	923
1018	924
1019	925
1020	926
1021	927
1022	928
1023	929
1024	930
1025	931
1026	932
1027	933
1028	934
1029	935
1030	936
1032	937
1033	938
1034	939
1035	940
1036	941
1037	942
1038	943
1039	944
1040	945
1041	946
1042	947
1044	948
1046	949
1047	950
1049	951
1050	952
1051	953
1052	954
1053	955
1054	956
1055	957
1056	958
1057	959
1058	960
1060	961
1061	962
1062	963
1063	964
1064	965
1065	966
1067	967
1068	968
1069	969
1070	970
1071	971
1072	972
1073	973
1074	974
1075	975
1076	976
1078	977
1079	978
1080	979
1081	980
1082	981
1083	982
1084	983
1085	984
1086	985
1087	986
1088	987
1089	988
1090	989
1091	990
1092	991
1093	992
1094	993
1097	994
1098	995
1099	996
1100	997
1101	998
1102	999
1103	1000
1104	1001
1106	1002
1107	1003
1108	1004
1109	1005
1110	1006
1111	1007
1112	1008
1113	1009
1114	1010
1116	1011
1118	1012
1119	1013
1120	1014
1121	1015
1122	1016
1123	1017
1124	1018
1125	1019
1126	1020
1128	1021
1130	1022
1131	1023
1132	1024
1133	1025
1134	1026
1135	1027
1136	1028
1137	1029
1138	1030
1139	1031
1140	1032
1143	1033
1144	1034
1145	1035
1146	1036
1147	1037
1148	1038
1149	1039
1150	1040
1151	1041
1152	1042
1153	1043
1154	1044
1155	1045
1156	1046
1157	1047
1158	1048
1159	1049
1160	1050
1161	1051
1163	1052
1164	1053
1165	1054
1166	1055
1167	1056
1170	1057
1171	1058
1172	1059
1173	1060
1174	1061
1176	1062
1177	1063
1178	1064
1179	1065
1180	1066
1181	1067
1182	1068
1183	1069
1184	1070
1185	1071
1186	1072
1187	1073
1188	1074
1189	1075
1190	1076
1191	1077
1192	1078
1193	1079
1194	1080
1195	1081
1196	1082
1197	1083
1198	1084
1199	1085
1200	1086
1202	1087
1204	1088
1206	1089
1207	1090
1209	1091
1210	1092
1211	1093
1212	1094
1213	1095
1214	1096
1215	1097
1216	1098
1217	1099
1219	1100
1220	1101
1221	1102
1222	1103
1223	1104
1224	1105
1225	1106
1226	1107
1228	1108
1229	1109
1230	1110
1231	1111
1232	1112
1233	1113
1234	1114
1235	1115
1236	1116
1237	1117
1238	1118
1239	1119
1240	1120
1242	1121
1243	1122
1244	1123
1245	1124
1246	1125
1247	1126
1248	1127
1249	1128
1253	1129
1254	1130
1255	1131
1256	1132
1258	1133
1259	1134
1261	1135
1262	1136
1263	1137
1264	1138
1265	1139
1267	1140
1270	1141
1271	1142
1272	1143
1273	1144
1274	1145
1275	1146
1276	1147
1277	1148
1278	1149
1279	1150
1280	1151
1281	1152
1282	1153
1283	1154
1284	1155
1286	1156
1287	1157
1288	1158
1289	1159
1290	1160
1291	1161
1292	1162
1293	1163
1294	1164
1295	1165
1296	1166
1298	1167
1299	1168
1300	1169
1301	1170
1302	1171
1303	1172
1304	1173
1305	1174
1308	1175
1309	1176
1310	1177
1311	1178
1312	1179
1313	1180
1315	1181
1316	1182
1318	1183
1319	1184
1321	1185
1322	1186
1323	1187
1324	1188
1325	1189
1327	1190
1329	1191
1330	1192
1331	1193
1332	1194
1333	1195
1334	1196
1335	1197
1336	1198
1337	1199
1339	1200
1340	1201
1342	1202
1343	1203
1345	1204
1346	1205
1347	1206
1348	1207
1349	1208
1350	1209
1351	1210
1352	1211
1353	1212
1354	1213
1355	1214
1356	1215
1357	1216
1358	1217
1360	1218
1362	1219
1363	1220
1364	1221
1365	1222
1366	1223
1367	1224
1368	1225
1369	1226
1371	1227
1372	1228
1373	1229
1374	1230
1375	1231
1376	1232
1377	1233
1378	1234
1379	1235
1380	1236
1381	1237
1382	1238
1383	1239
1384	1240
1385	1241
1386	1242
1387	1243
1388	1244
1389	1245
1390	1246
1393	1247
1394	1248
1395	1249
1396	1250
1397	1251
1398	1252
1399	1253
1401	1254
1402	1255
1403	1256
1404	1257
1405	1258
1406	1259
1407	1260
1408	1261
1410	1262
1411	1263
1413	1264
1414	1265
1416	1266
1418	1267
1419	1268
1420	1269
1421	1270
1422	1271
1423	1272
1424	1273
1425	1274
1426	1275
1427	1276
1428	1277
1429	1278
1430	1279
1431	1280
1432	1281
1433	1282
1434	1283
1435	1284
1437	1285
1438	1286
1439	1287
1440	1288
1441	1289
1442	1290
1443	1291
1444	1292
1445	1293
1446	1294
1447	1295
1449	1296
1450	1297
1451	1298
1452	1299
1453	1300
1454	1301
1455	1302
1456	1303
1457	1304
1458	1305
1459	1306
1461	1307
1462	1308
1463	1309
1464	1310
1465	1311
1466	1312
1467	1313
1469	1314
1470	1315
1471	1316
1472	1317
1473	1318
1474	1319
1475	1320
1476	1321
1477	1322
1478	1323
1479	1324
1480	1325
1481	1326
1483	1327
1484	1328
1485	1329
1486	1330
1488	1331
1489	1332
1490	1333
1491	1334
1492	1335
1493	1336
1494	1337
1495	1338
1496	1339
1497	1340
1498	1341
1499	1342
1500	1343
1501	1344
1502	1345
1503	1346
1504	1347
1505	1348
1506	1349
1507	1350
1508	1351
1509	1352
1511	1353
1513	1354
1514	1355
1515	1356
1516	1357
1517	1358
1518	1359
1519	1360
1520	1361
1521	1362
1522	1363
1524	1364
1525	1365
1527	1366
1528	1367
1530	1368
1531	1369
1532	1370
1533	1371
1534	1372
1535	1373
1536	1374
1537	1375
1538	1376
1539	1377
1540	1378
1541	1379
1542	1380
1543	1381
1544	1382
1545	1383
1546	1384
1547	1385
1549	1386
1551	1387
1552	1388
1553	1389
1554	1390
1555	1391
1556	1392
1557	1393
1558	1394
1559	1395
1560	1396
1562	1397
1563	1398
1564	1399
1565	1400
1566	1401
1567	1402
1568	1403
1570	1404
1572	1405
1573	1406
1574	1407
1575	1408
1576	1409
1577	1410
1578	1411
1579	1412
1580	1413
1581	1414
1582	1415
1583	1416
1584	1417
1585	1418
1586	1419
1587	1420
1588	1421
1589	1422
1590	1423
1591	1424
1592	1425
1593	1426
1594	1427
1595	1428
1596	1429
1597	1430
1599	1431
1600	1432
1601	1433
1604	1434
1605	1435
1606	1436
1607	1437
1608	1438
1613	1439
1614	1440
1615	1441
1616	1442
1617	1443
1618	1444
1619	1445
1620	1446
1621	1447
1622	1448
1623	1449
1624	1450
1625	1451
1626	1452
1627	1453
1628	1454
1629	1455
1630	1456
1632	1457
1633	1458
1634	1459
1635	1460
1636	1461
1637	1462
1638	1463
1639	1464
1640	1465
1641	1466
1642	1467
1643	1468
1644	1469
1646	1470
1647	1471
1648	1472
1649	1473
1650	1474
1652	1475
1653	1476
1654	1477
1655	1478
1656	1479
1657	1480
1658	1481
1659	1482
1660	1483
1661	1484
1662	1485
1663	1486
1664	1487
1665	1488
1666	1489
1667	1490
1669	1491
1670	1492
1671	1493
1672	1494
1674	1495
1676	1496
1677	1497
1678	1498
1679	1499
1680	1500
1682	1501
1683	1502
1684	1503
1685	1504
1686	1505
1687	1506
1688	1507
1689	1508
1690	1509
1691	1510
1692	1511
1693	1512
1694	1513
1695	1514
1696	1515
1697	1516
1699	1517
1700	1518
1701	1519
1702	1520
1703	1521
1704	1522
1705	1523
1706	1524
1707	1525
1708	1526
1709	1527
1710	1528
1711	1529
1712	1530
1715	1531
1717	1532
1718	1533
1719	1534
1720	1535
1721	1536
1722	1537
1723	1538
1724	1539
1725	1540
1726	1541
1727	1542
1728	1543
1729	1544
1730	1545
1732	1546
1733	1547
1734	1548
1736	1549
1737	1550
1740	1551
1741	1552
1742	1553
1743	1554
1744	1555
1745	1556
1746	1557
1747	1558
1748	1559
1749	1560
1751	1561
1752	1562
1753	1563
1754	1564
1755	1565
1757	1566
1759	1567
1760	1568
1761	1569
1762	1570
1764	1571
1765	1572
1766	1573
1768	1574
1769	1575
1770	1576
1771	1577
1772	1578
1773	1579
1774	1580
1775	1581
1776	1582
1777	1583
1778	1584
1779	1585
1780	1586
1781	1587
1782	1588
1783	1589
1784	1590
1785	1591
1786	1592
1787	1593
1788	1594
1789	1595
1790	1596
1791	1597
1792	1598
1793	1599
1794	1600
1795	1601
1796	1602
1797	1603
1798	1604
1799	1605
1800	1606
1801	1607
1802	1608
1803	1609
1804	1610
1805	1611
1806	1612
1807	1613
1808	1614
1809	1615
1810	1616
1811	1617
1813	1618
1814	1619
1815	1620
1816	1621
1817	1622
1818	1623
1819	1624
1820	1625
1821	1626
1822	1627
1823	1628
1824	1629
1825	1630
1826	1631
1827	1632
1828	1633
1829	1634
1830	1635
1831	1636
1832	1637
1833	1638
1834	1639
1835	1640
1836	1641
1838	1642
1839	1643
1840	1644
1841	1645
1842	1646
1844	1647
1845	1648
1846	1649
1847	1650
1848	1651
1850	1652
1851	1653
1852	1654
1853	1655
1854	1656
1855	1657
1856	1658
1857	1659
1858	1660
1859	1661
1860	1662
1861	1663
1862	1664
1863	1665
1864	1666
1865	1667
1866	1668
1867	1669
1868	1670
1869	1671
1871	1672
1872	1673
1873	1674
1874	1675
1875	1676
1877	1677
1879	1678
1880	1679
1881	1680
1882	1681
1883	1682
1885	1683
1887	1684
1888	1685
1889	1686
1890	1687
1891	1688
1892	1689
1894	1690
1895	1691
1896	1692
1897	1693
1898	1694
1899	1695
1900	1696
1902	1697
1903	1698
1904	1699
1905	1700
1906	1701
1907	1702
1908	1703
1909	1704
1910	1705
1911	1706
1912	1707
1914	1708
1915	1709
1917	1710
1918	1711
1919	1712
1920	1713
1921	1714
1922	1715
1923	1716
1924	1717
1925	1718
1926	1719
1928	1720
1929	1721
1930	1722
1931	1723
1933	1724
1934	1725
1935	1726
1936	1727
1937	1728
1938	1729
1939	1730
1941	1731
1942	1732
1944	1733
1946	1734
1947	1735
1948	1736
1949	1737
1950	1738
1951	1739
1952	1740
1954	1741
1955	1742
1956	1743
1957	1744
1958	1745
1959	1746
1961	1747
1962	1748
1963	1749
1964	1750
1965	1751
1966	1752
1968	1753
1969	1754
1971	1755
1972	1756
1973	1757
1974	1758
1975	1759
1976	1760
1977	1761
1978	1762
1979	1763
1980	1764
1981	1765
1982	1766
1983	1767
1984	1768
1986	1769
1987	1770
1988	1771
1989	1772
1990	1773
1991	1774
1992	1775
1993	1776
1994	1777
1995	1778
1996	1779
1997	1780
1998	1781
1999	1782
2000	1783
2001	1784
2003	1785
2004	1786
2005	1787
2006	1788
2007	1789
2008	1790
2009	1791
2010	1792
2011	1793
2013	1794
2014	1795
2015	1796
2016	1797
2017	1798
2018	1799
2019	1800
2020	1801
2021	1802
2022	1803
2023	1804
2024	1805
2025	1806
2027	1807
2028	1808
2029	1809
2030	1810
2031	1811
2032	1812
2033	1813
2034	1814
2035	1815
2036	1816
2037	1817
2038	1818
2039	1819
2040	1820
2041	1821
2042	1822
2043	1823
2044	1824
2045	1825
2046	1826
2047	1827
2048	1828
2051	1829
2052	1830
2053	1831
2054	1832
2055	1833
2056	1834
2057	1835
2058	1836
2059	1837
2060	1838
2061	1839
2062	1840
2064	1841
2065	1842
2066	1843
2067	1844
2068	1845
2069	1846
2070	1847
2071	1848
2072	1849
2075	1850
2076	1851
2077	1852
2078	1853
2079	1854
2080	1855
2081	1856
2083	1857
2084	1858
2086	1859
2087	1860
2088	1861
2090	1862
2091	1863
2092	1864
2093	1865
2094	1866
2095	1867
2096	1868
2097	1869
2099	1870
2100	1871
