org_id	remap_id	satori_id
1	1	0
2	2	1
3	3	2
4	4	3
5	5	4
8	6	5
10	7	6
11	8	7
12	9	8
13	10	9
14	11	10
15	12	11
17	13	12
18	14	13
19	15	14
20	16	15
21	17	16
25	18	17
27	19	18
29	20	19
30	21	20
31	22	21
32	23	22
33	24	23
35	25	24
37	26	25
39	27	26
42	28	27
44	29	28
46	30	29
49	31	30
50	32	31
52	33	32
53	34	33
54	35	34
56	36	35
58	37	36
60	38	37
62	39	38
63	40	39
65	41	40
66	42	41
67	43	42
70	44	43
72	45	44
75	46	45
77	47	46
78	48	47
79	49	48
80	50	49
82	51	50
83	52	51
84	53	52
85	54	53
86	55	54
87	56	55
90	57	56
92	58	57
93	59	58
96	60	59
99	61	60
100	62	61
102	63	62
104	64	63
105	65	64
106	66	65
107	67	66
109	68	67
112	69	68
114	70	69
115	71	70
116	72	71
117	73	72
118	74	73
120	75	74
121	76	75
123	77	76
126	78	77
128	79	78
131	80	79
133	81	80
134	82	81
135	83	82
136	84	83
138	85	84
141	86	85
143	87	86
144	88	87
146	89	88
147	90	89
148	91	90
150	92	91
152	93	92
153	94	93
155	95	94
156	96	95
157	97	96
158	98	97
159	99	98
160	100	99
161	101	100
162	102	101
164	103	102
166	104	103
167	105	104
168	106	105
169	107	106
170	108	107
172	109	108
173	110	109
174	111	110
176	112	111
177	113	112
180	114	113
181	115	114
182	116	115
183	117	116
186	118	117
188	119	118
193	120	119
195	121	120
196	122	121
197	123	122
198	124	123
199	125	124
200	126	125
202	127	126
203	128	127
204	129	128
205	130	129
206	131	130
207	132	131
208	133	132
209	134	133
212	135	134
215	136	135
216	137	136
218	138	137
220	139	138
223	140	139
224	141	140
226	142	141
227	143	142
228	144	143
230	145	144
232	146	145
233	147	146
234	148	147
235	149	148
239	150	149
241	151	150
243	152	151
244	153	152
245	154	153
246	155	154
247	156	155
248	157	156
249	158	157
250	159	158
252	160	159
253	161	160
254	162	161
255	163	162
257	164	163
258	165	164
260	166	165
263	167	166
265	168	167
266	169	168
267	170	169
271	171	170
272	172	171
273	173	172
276	174	173
278	175	174
279	176	175
280	177	176
282	178	177
283	179	178
284	180	179
285	181	180
286	182	181
287	183	182
288	184	183
290	185	184
291	186	185
292	187	186
294	188	187
295	189	188
296	190	189
298	191	190
300	192	191
301	193	192
302	194	193
305	195	194
306	196	195
307	197	196
308	198	197
309	199	198
310	200	199
311	201	200
312	202	201
313	203	202
314	204	203
316	205	204
317	206	205
318	207	206
320	208	207
321	209	208
322	210	209
324	211	210
325	212	211
327	213	212
329	214	213
330	215	214
331	216	215
333	217	216
334	218	217
337	219	218
338	220	219
342	221	220
343	222	221
344	223	222
346	224	223
347	225	224
348	226	225
349	227	226
351	228	227
352	229	228
354	230	229
355	231	230
356	232	231
357	233	232
358	234	233
359	235	234
365	236	235
366	237	236
368	238	237
369	239	238
370	240	239
372	241	240
373	242	241
374	243	242
376	244	243
379	245	244
380	246	245
381	247	246
383	248	247
385	249	248
386	250	249
387	251	250
388	252	251
391	253	252
392	254	253
393	255	254
394	256	255
395	257	256
396	258	257
398	259	258
399	260	259
400	261	260
404	262	261
406	263	262
407	264	263
409	265	264
410	266	265
411	267	266
413	268	267
414	269	268
415	270	269
417	271	270
419	272	271
420	273	272
424	274	273
426	275	274
427	276	275
428	277	276
429	278	277
431	279	278
432	280	279
434	281	280
435	282	281
436	283	282
437	284	283
438	285	284
441	286	285
443	287	286
444	288	287
446	289	288
449	290	289
450	291	290
451	292	291
452	293	292
455	294	293
458	295	294
460	296	295
462	297	296
464	298	297
465	299	298
466	300	299
469	301	300
470	302	301
471	303	302
472	304	303
475	305	304
476	306	305
477	307	306
478	308	307
479	309	308
480	310	309
482	311	310
485	312	311
486	313	312
487	314	313
488	315	314
490	316	315
492	317	316
493	318	317
494	319	318
495	320	319
496	321	320
500	322	321
502	323	322
503	324	323
506	325	324
507	326	325
508	327	326
509	328	327
510	329	328
513	330	329
514	331	330
515	332	331
516	333	332
517	334	333
518	335	334
520	336	335
522	337	336
523	338	337
524	339	338
525	340	339
526	341	340
527	342	341
529	343	342
532	344	343
535	345	344
536	346	345
538	347	346
539	348	347
540	349	348
541	350	349
542	351	350
543	352	351
544	353	352
546	354	353
547	355	354
548	356	355
551	357	356
553	358	357
554	359	358
555	360	359
556	361	360
557	362	361
558	363	362
559	364	363
562	365	364
565	366	365
566	367	366
567	368	367
568	369	368
570	370	369
572	371	370
573	372	371
574	373	372
577	374	373
578	375	374
580	376	375
581	377	376
584	378	377
585	379	378
589	380	379
590	381	380
591	382	381
593	383	382
597	384	383
598	385	384
600	386	385
601	387	386
602	388	387
606	389	388
609	390	389
610	391	390
611	392	391
612	393	392
615	394	393
616	395	394
617	396	395
618	397	396
619	398	397
620	399	398
621	400	399
623	401	400
624	402	401
626	403	402
628	404	403
629	405	404
631	406	405
632	407	406
633	408	407
634	409	408
635	410	409
637	411	410
638	412	411
639	413	412
641	414	413
642	415	414
643	416	415
645	417	416
647	418	417
648	419	418
649	420	419
651	421	420
652	422	421
653	423	422
657	424	423
658	425	424
659	426	425
661	427	426
663	428	427
666	429	428
667	430	429
668	431	430
669	432	431
670	433	432
671	434	433
673	435	434
674	436	435
675	437	436
676	438	437
678	439	438
679	440	439
680	441	440
682	442	441
683	443	442
687	444	443
688	445	444
691	446	445
696	447	446
697	448	447
698	449	448
699	450	449
700	451	450
701	452	451
705	453	452
707	454	453
708	455	454
709	456	455
710	457	456
713	458	457
714	459	458
715	460	459
716	461	460
719	462	461
720	463	462
722	464	463
724	465	464
725	466	465
728	467	466
730	468	467
731	469	468
732	470	469
735	471	470
742	472	471
743	473	472
744	474	473
745	475	474
746	476	475
747	477	476
749	478	477
750	479	478
753	480	479
754	481	480
756	482	481
757	483	482
758	484	483
759	485	484
763	486	485
766	487	486
767	488	487
768	489	488
770	490	489
773	491	490
774	492	491
775	493	492
776	494	493
777	495	494
778	496	495
779	497	496
781	498	497
784	499	498
786	500	499
790	501	500
792	502	501
796	503	502
797	504	503
799	505	504
801	506	505
802	507	506
803	508	507
806	509	508
807	510	509
809	511	510
810	512	511
812	513	512
813	514	513
814	515	514
815	516	515
816	517	516
818	518	517
819	519	518
820	520	519
821	521	520
822	522	521
823	523	522
824	524	523
829	525	524
830	526	525
833	527	526
834	528	527
839	529	528
841	530	529
843	531	530
845	532	531
847	533	532
848	534	533
849	535	534
850	536	535
851	537	536
852	538	537
853	539	538
856	540	539
857	541	540
858	542	541
861	543	542
862	544	543
863	545	544
865	546	545
868	547	546
869	548	547
870	549	548
871	550	549
873	551	550
874	552	551
878	553	552
879	554	553
881	555	554
882	556	555
884	557	556
885	558	557
887	559	558
889	560	559
890	561	560
891	562	561
893	563	562
895	564	563
896	565	564
897	566	565
898	567	566
899	568	567
900	569	568
902	570	569
905	571	570
907	572	571
908	573	572
914	574	573
920	575	574
921	576	575
922	577	576
923	578	577
924	579	578
926	580	579
929	581	580
932	582	581
935	583	582
936	584	583
939	585	584
943	586	585
950	587	586
951	588	587
954	589	588
955	590	589
956	591	590
958	592	591
960	593	592
962	594	593
969	595	594
972	596	595
973	597	596
974	598	597
977	599	598
983	600	599
984	601	600
985	602	601
988	603	602
989	604	603
990	605	604
991	606	605
992	607	606
998	608	607
999	609	608
1000	610	609
1002	611	610
1003	612	611
1004	613	612
1005	614	613
1007	615	614
1008	616	615
1011	617	616
1012	618	617
1015	619	618
1020	620	619
1023	621	620
1024	622	621
1025	623	622
1026	624	623
1028	625	624
1031	626	625
1033	627	626
1036	628	627
1037	629	628
1038	630	629
1039	631	630
1040	632	631
1041	633	632
1042	634	633
1043	635	634
1044	636	635
1045	637	636
1046	638	637
1047	639	638
1049	640	639
1050	641	640
1051	642	641
1052	643	642
1053	644	643
1054	645	644
1055	646	645
1056	647	646
1057	648	647
1058	649	648
1062	650	649
1063	651	650
1064	652	651
1065	653	652
1067	654	653
1069	655	654
1070	656	655
1071	657	656
1079	658	657
1080	659	658
1081	660	659
1083	661	660
1084	662	661
1089	663	662
1090	664	663
1091	665	664
1092	666	665
1093	667	666
1094	668	667
1095	669	668
1096	670	669
1097	671	670
1098	672	671
1100	673	672
1102	674	673
1103	675	674
1105	676	675
1106	677	676
1108	678	677
1110	679	678
1111	680	679
1112	681	680
1116	682	681
1119	683	682
1120	684	683
1121	685	684
1123	686	685
1125	687	686
1126	688	687
1129	689	688
1130	690	689
1131	691	690
1132	692	691
1133	693	692
1134	694	693
1135	695	694
1136	696	695
1137	697	696
1138	698	697
1139	699	698
1140	700	699
1142	701	700
1143	702	701
1145	703	702
1146	704	703
1147	705	704
1148	706	705
1150	707	706
1152	708	707
1154	709	708
1158	710	709
1159	711	710
1160	712	711
1161	713	712
1162	714	713
1163	715	714
1164	716	715
1165	717	716
1166	718	717
1168	719	718
1169	720	719
1170	721	720
1171	722	721
1172	723	722
1175	724	723
1176	725	724
1178	726	725
1179	727	726
1180	728	727
1183	729	728
1184	730	729
1185	731	730
1186	732	731
1187	733	732
1188	734	733
1190	735	734
1191	736	735
1192	737	736
1193	738	737
1196	739	738
1197	740	739
1198	741	740
1202	742	741
1204	743	742
1205	744	743
1206	745	744
1207	746	745
1208	747	746
1209	748	747
1210	749	748
1211	750	749
1212	751	750
1215	752	751
1217	753	752
1220	754	753
1221	755	754
1222	756	755
1223	757	756
1226	758	757
1227	759	758
1228	760	759
1230	761	760
1231	762	761
1235	763	762
1237	764	763
1238	765	764
1240	766	765
1245	767	766
1246	768	767
1247	769	768
1249	770	769
1250	771	770
1254	772	771
1255	773	772
1257	774	773
1258	775	774
1261	776	775
1262	777	776
1263	778	777
1265	779	778
1268	780	779
1270	781	780
1271	782	781
1272	783	782
1273	784	783
1276	785	784
1278	786	785
1279	787	786
1280	788	787
1281	789	788
1285	790	789
1286	791	790
1288	792	791
1289	793	792
1290	794	793
1291	795	794
1293	796	795
1295	797	796
1297	798	797
1299	799	798
1300	800	799
1301	801	800
1302	802	801
1303	803	802
1304	804	803
1305	805	804
1306	806	805
1307	807	806
1308	808	807
1309	809	808
1310	810	809
1311	811	810
1312	812	811
1313	813	812
1315	814	813
1317	815	814
1318	816	815
1319	817	816
1321	818	817
1323	819	818
1325	820	819
1326	821	820
1328	822	821
1331	823	822
1333	824	823
1335	825	824
1341	826	825
1352	827	826
1353	828	827
1354	829	828
1356	830	829
1358	831	830
1360	832	831
1361	833	832
1363	834	833
1364	835	834
1368	836	835
1369	837	836
1370	838	837
1371	839	838
1372	840	839
1373	841	840
1375	842	841
1376	843	842
1377	844	843
1379	845	844
1380	846	845
1381	847	846
1383	848	847
1384	849	848
1386	850	849
1387	851	850
1388	852	851
1389	853	852
1390	854	853
1391	855	854
1392	856	855
1393	857	856
1394	858	857
1395	859	858
1397	860	859
1399	861	860
1401	862	861
1404	863	862
1405	864	863
1406	865	864
1410	866	865
1412	867	866
1413	868	867
1417	869	868
1420	870	869
1422	871	870
1425	872	871
1426	873	872
1431	874	873
1437	875	874
1438	876	875
1439	877	876
1440	878	877
1441	879	878
1442	880	879
1443	881	880
1444	882	881
1446	883	882
1447	884	883
1449	885	884
1450	886	885
1453	887	886
1454	888	887
1455	889	888
1459	890	889
1461	891	890
1462	892	891
1463	893	892
1464	894	893
1465	895	894
1466	896	895
1470	897	896
1471	898	897
1472	899	898
1473	900	899
1475	901	900
1477	902	901
1480	903	902
1484	904	903
1485	905	904
1486	906	905
1487	907	906
1489	908	907
1490	909	908
1493	910	909
1494	911	910
1495	912	911
1497	913	912
1498	914	913
1500	915	914
1501	916	915
1503	917	916
1504	918	917
1507	919	918
1509	920	919
1510	921	920
1511	922	921
1513	923	922
1514	924	923
1517	925	924
1520	926	925
1522	927	926
1523	928	927
1525	929	928
1526	930	929
1527	931	930
1531	932	931
1534	933	932
1535	934	933
1538	935	934
1539	936	935
1542	937	936
1543	938	937
1544	939	938
1545	940	939
1546	941	940
1547	942	941
1549	943	942
1552	944	943
1554	945	944
1556	946	945
1558	947	946
1561	948	947
1562	949	948
1564	950	949
1567	951	950
1568	952	951
1570	953	952
1572	954	953
1573	955	954
1575	956	955
1577	957	956
1578	958	957
1579	959	958
1581	960	959
1582	961	960
1583	962	961
1585	963	962
1588	964	963
1589	965	964
1590	966	965
1591	967	966
1592	968	967
1594	969	968
1595	970	969
1596	971	970
1600	972	971
1601	973	972
1602	974	973
1606	975	974
1610	976	975
1611	977	976
1612	978	977
1613	979	978
1621	980	979
1622	981	980
1623	982	981
1624	983	982
1628	984	983
1632	985	984
1633	986	985
1635	987	986
1639	988	987
1640	989	988
1641	990	989
1644	991	990
1648	992	991
1649	993	992
1650	994	993
1651	995	994
1652	996	995
1653	997	996
1654	998	997
1656	999	998
1658	1000	999
1659	1001	1000
1660	1002	1001
1661	1003	1002
1662	1004	1003
1663	1005	1004
1665	1006	1005
1666	1007	1006
1667	1008	1007
1669	1009	1008
1671	1010	1009
1673	1011	1010
1677	1012	1011
1678	1013	1012
1679	1014	1013
1680	1015	1014
1681	1016	1015
1682	1017	1016
1684	1018	1017
1685	1019	1018
1686	1020	1019
1689	1021	1020
1690	1022	1021
1692	1023	1022
1693	1024	1023
1694	1025	1024
1695	1026	1025
1698	1027	1026
1701	1028	1027
1702	1029	1028
1703	1030	1029
1704	1031	1030
1705	1032	1031
1707	1033	1032
1708	1034	1033
1709	1035	1034
1711	1036	1035
1713	1037	1036
1714	1038	1037
1715	1039	1038
1716	1040	1039
1717	1041	1040
1719	1042	1041
1722	1043	1042
1725	1044	1043
1727	1045	1044
1728	1046	1045
1729	1047	1046
1730	1048	1047
1731	1049	1048
1732	1050	1049
1738	1051	1050
1740	1052	1051
1741	1053	1052
1742	1054	1053
1743	1055	1054
1747	1056	1055
1749	1057	1056
1750	1058	1057
1752	1059	1058
1755	1060	1059
1756	1061	1060
1759	1062	1061
1760	1063	1062
1762	1064	1063
1769	1065	1064
1770	1066	1065
1772	1067	1066
1773	1068	1067
1777	1069	1068
1780	1070	1069
1781	1071	1070
1782	1072	1071
1783	1073	1072
1785	1074	1073
1787	1075	1074
1789	1076	1075
1794	1077	1076
1799	1078	1077
1804	1079	1078
1810	1080	1079
1811	1081	1080
1814	1082	1081
1816	1083	1082
1817	1084	1083
1819	1085	1084
1821	1086	1085
1822	1087	1086
1824	1088	1087
1826	1089	1088
1831	1090	1089
1832	1091	1090
1834	1092	1091
1835	1093	1092
1836	1094	1093
1837	1095	1094
1839	1096	1095
1840	1097	1096
1841	1098	1097
1842	1099	1098
1843	1100	1099
1844	1101	1100
1845	1102	1101
1847	1103	1102
1850	1104	1103
1851	1105	1104
1852	1106	1105
1853	1107	1106
1854	1108	1107
1855	1109	1108
1856	1110	1109
1857	1111	1110
1859	1112	1111
1860	1113	1112
1861	1114	1113
1862	1115	1114
1863	1116	1115
1865	1117	1116
1866	1118	1117
1867	1119	1118
1870	1120	1119
1871	1121	1120
1872	1122	1121
1874	1123	1122
1875	1124	1123
1876	1125	1124
1878	1126	1125
1879	1127	1126
1880	1128	1127
1881	1129	1128
1883	1130	1129
1884	1131	1130
1885	1132	1131
1886	1133	1132
1887	1134	1133
1888	1135	1134
1890	1136	1135
1891	1137	1136
1892	1138	1137
1894	1139	1138
1895	1140	1139
1896	1141	1140
1897	1142	1141
1898	1143	1142
1899	1144	1143
1901	1145	1144
1902	1146	1145
1903	1147	1146
1904	1148	1147
1906	1149	1148
1908	1150	1149
1910	1151	1150
1913	1152	1151
1914	1153	1152
1915	1154	1153
1918	1155	1154
1920	1156	1155
1921	1157	1156
1923	1158	1157
1924	1159	1158
1926	1160	1159
1932	1161	1160
1934	1162	1161
1935	1163	1162
1936	1164	1163
1937	1165	1164
1938	1166	1165
1939	1167	1166
1940	1168	1167
1944	1169	1168
1945	1170	1169
1946	1171	1170
1947	1172	1171
1951	1173	1172
1952	1174	1173
1953	1175	1174
1957	1176	1175
1958	1177	1176
1959	1178	1177
1960	1179	1178
1961	1180	1179
1963	1181	1180
1964	1182	1181
1965	1183	1182
1968	1184	1183
1970	1185	1184
1971	1186	1185
1972	1187	1186
1973	1188	1187
1975	1189	1188
1977	1190	1189
1979	1191	1190
1980	1192	1191
1981	1193	1192
1984	1194	1193
1985	1195	1194
1986	1196	1195
1988	1197	1196
1989	1198	1197
1992	1199	1198
1993	1200	1199
1995	1201	1200
1996	1202	1201
1997	1203	1202
1998	1204	1203
1999	1205	1204
2000	1206	1205
2001	1207	1206
2002	1208	1207
2003	1209	1208
2004	1210	1209
2005	1211	1210
2006	1212	1211
2007	1213	1212
2008	1214	1213
2009	1215	1214
2011	1216	1215
2012	1217	1216
2015	1218	1217
2016	1219	1218
2019	1220	1219
2021	1221	1220
2022	1222	1221
2023	1223	1222
2026	1224	1223
2027	1225	1224
2028	1226	1225
2029	1227	1226
2033	1228	1227
2035	1229	1228
2036	1230	1229
2037	1231	1230
2038	1232	1231
2041	1233	1232
2042	1234	1233
2043	1235	1234
2044	1236	1235
2045	1237	1236
2046	1238	1237
2047	1239	1238
2048	1240	1239
2049	1241	1240
2050	1242	1241
2051	1243	1242
2053	1244	1243
2054	1245	1244
2055	1246	1245
2056	1247	1246
2057	1248	1247
2058	1249	1248
2060	1250	1249
2061	1251	1250
2064	1252	1251
2065	1253	1252
2068	1254	1253
2070	1255	1254
2071	1256	1255
2075	1257	1256
2076	1258	1257
2077	1259	1258
2080	1260	1259
2082	1261	1260
2083	1262	1261
2084	1263	1262
2086	1264	1263
2089	1265	1264
2091	1266	1265
2092	1267	1266
2095	1268	1267
2097	1269	1268
2098	1270	1269
2099	1271	1270
2101	1272	1271
2102	1273	1272
2103	1274	1273
2105	1275	1274
2106	1276	1275
2108	1277	1276
2109	1278	1277
2110	1279	1278
2111	1280	1279
2115	1281	1280
2116	1282	1281
2117	1283	1282
2119	1284	1283
2120	1285	1284
2121	1286	1285
2123	1287	1286
2124	1288	1287
2125	1289	1288
2127	1290	1289
2128	1291	1290
2129	1292	1291
2132	1293	1292
2134	1294	1293
2138	1295	1294
2139	1296	1295
2140	1297	1296
2141	1298	1297
2142	1299	1298
2144	1300	1299
2145	1301	1300
2146	1302	1301
2147	1303	1302
2149	1304	1303
2150	1305	1304
2151	1306	1305
2152	1307	1306
2154	1308	1307
2157	1309	1308
2159	1310	1309
2160	1311	1310
2161	1312	1311
2162	1313	1312
2163	1314	1313
2164	1315	1314
2169	1316	1315
2170	1317	1316
2174	1318	1317
2177	1319	1318
2180	1320	1319
2181	1321	1320
2184	1322	1321
2186	1323	1322
2188	1324	1323
2191	1325	1324
2192	1326	1325
2193	1327	1326
2194	1328	1327
2198	1329	1328
2200	1330	1329
2201	1331	1330
2202	1332	1331
2204	1333	1332
2213	1334	1333
2214	1335	1334
2215	1336	1335
2217	1337	1336
2219	1338	1337
2228	1339	1338
2231	1340	1339
2233	1341	1340
2235	1342	1341
2236	1343	1342
2237	1344	1343
2238	1345	1344
2240	1346	1345
2242	1347	1346
2243	1348	1347
2244	1349	1348
2247	1350	1349
2248	1351	1350
2250	1352	1351
2251	1353	1352
2255	1354	1353
2257	1355	1354
2259	1356	1355
2261	1357	1356
2262	1358	1357
2263	1359	1358
2266	1360	1359
2267	1361	1360
2268	1362	1361
2269	1363	1362
2270	1364	1363
2271	1365	1364
2272	1366	1365
2274	1367	1366
2275	1368	1367
2276	1369	1368
2277	1370	1369
2278	1371	1370
2279	1372	1371
2280	1373	1372
2281	1374	1373
2282	1375	1374
2283	1376	1375
2285	1377	1376
2286	1378	1377
2287	1379	1378
2290	1380	1379
2291	1381	1380
2292	1382	1381
2293	1383	1382
2294	1384	1383
2295	1385	1384
2296	1386	1385
2297	1387	1386
2298	1388	1387
2301	1389	1388
2302	1390	1389
2303	1391	1390
2306	1392	1391
2307	1393	1392
2308	1394	1393
2311	1395	1394
2312	1396	1395
2315	1397	1396
2316	1398	1397
2317	1399	1398
2319	1400	1399
2325	1401	1400
2327	1402	1401
2329	1403	1402
2333	1404	1403
2335	1405	1404
2337	1406	1405
2338	1407	1406
2340	1408	1407
2341	1409	1408
2342	1410	1409
2344	1411	1410
2345	1412	1411
2347	1413	1412
2348	1414	1413
2350	1415	1414
2351	1416	1415
2352	1417	1416
2353	1418	1417
2354	1419	1418
2355	1420	1419
2357	1421	1420
2359	1422	1421
2360	1423	1422
2361	1424	1423
2362	1425	1424
2365	1426	1425
2368	1427	1426
2369	1428	1427
2370	1429	1428
2371	1430	1429
2372	1431	1430
2373	1432	1431
2374	1433	1432
2375	1434	1433
2376	1435	1434
2377	1436	1435
2378	1437	1436
2379	1438	1437
2380	1439	1438
2381	1440	1439
2382	1441	1440
2383	1442	1441
2384	1443	1442
2385	1444	1443
2387	1445	1444
2388	1446	1445
2390	1447	1446
2391	1448	1447
2393	1449	1448
2394	1450	1449
2395	1451	1450
2396	1452	1451
2399	1453	1452
2400	1454	1453
2401	1455	1454
2402	1456	1455
2403	1457	1456
2404	1458	1457
2405	1459	1458
2406	1460	1459
2408	1461	1460
2409	1462	1461
2410	1463	1462
2411	1464	1463
2412	1465	1464
2413	1466	1465
2414	1467	1466
2415	1468	1467
2417	1469	1468
2418	1470	1469
2424	1471	1470
2426	1472	1471
2431	1473	1472
2432	1474	1473
2433	1475	1474
2434	1476	1475
2435	1477	1476
2436	1478	1477
2437	1479	1478
2438	1480	1479
2441	1481	1480
2442	1482	1481
2443	1483	1482
2447	1484	1483
2449	1485	1484
2450	1486	1485
2452	1487	1486
2453	1488	1487
2456	1489	1488
2458	1490	1489
2459	1491	1490
2460	1492	1491
2461	1493	1492
2463	1494	1493
2465	1495	1494
2466	1496	1495
2467	1497	1496
2468	1498	1497
2469	1499	1498
2470	1500	1499
2471	1501	1500
2473	1502	1501
2474	1503	1502
2475	1504	1503
2476	1505	1504
2477	1506	1505
2480	1507	1506
2482	1508	1507
2483	1509	1508
2485	1510	1509
2487	1511	1510
2492	1512	1511
2493	1513	1512
2496	1514	1513
2498	1515	1514
2501	1516	1515
2502	1517	1516
2504	1518	1517
2505	1519	1518
2507	1520	1519
2509	1521	1520
2510	1522	1521
2511	1523	1522
2513	1524	1523
2514	1525	1524
2515	1526	1525
2521	1527	1526
2522	1528	1527
2524	1529	1528
2525	1530	1529
2527	1531	1530
2530	1532	1531
2531	1533	1532
2532	1534	1533
2533	1535	1534
2537	1536	1535
2538	1537	1536
2539	1538	1537
2540	1539	1538
2541	1540	1539
2543	1541	1540
2544	1542	1541
2545	1543	1542
2546	1544	1543
2548	1545	1544
2551	1546	1545
2554	1547	1546
2555	1548	1547
2556	1549	1548
2557	1550	1549
2564	1551	1550
2566	1552	1551
2567	1553	1552
2568	1554	1553
2571	1555	1554
2572	1556	1555
2575	1557	1556
2576	1558	1557
2577	1559	1558
2578	1560	1559
2579	1561	1560
2581	1562	1561
2582	1563	1562
2583	1564	1563
2584	1565	1564
2589	1566	1565
2590	1567	1566
2591	1568	1567
2592	1569	1568
2596	1570	1569
2598	1571	1570
2600	1572	1571
2603	1573	1572
2606	1574	1573
2607	1575	1574
2609	1576	1575
2610	1577	1576
2613	1578	1577
2614	1579	1578
2615	1580	1579
2620	1581	1580
2624	1582	1581
2626	1583	1582
2627	1584	1583
2628	1585	1584
2630	1586	1585
2631	1587	1586
2632	1588	1587
2635	1589	1588
2637	1590	1589
2638	1591	1590
2641	1592	1591
2642	1593	1592
2643	1594	1593
2646	1595	1594
2649	1596	1595
2650	1597	1596
2651	1598	1597
2652	1599	1598
2655	1600	1599
2657	1601	1600
2659	1602	1601
2661	1603	1602
2663	1604	1603
2666	1605	1604
2667	1606	1605
2668	1607	1606
2669	1608	1607
2670	1609	1608
2671	1610	1609
2672	1611	1610
2673	1612	1611
2674	1613	1612
2675	1614	1613
2677	1615	1614
2678	1616	1615
2679	1617	1616
2681	1618	1617
2683	1619	1618
2684	1620	1619
2685	1621	1620
2686	1622	1621
2689	1623	1622
2691	1624	1623
2692	1625	1624
2693	1626	1625
2696	1627	1626
2697	1628	1627
2698	1629	1628
2699	1630	1629
2701	1631	1630
2702	1632	1631
2703	1633	1632
2704	1634	1633
2705	1635	1634
2707	1636	1635
2710	1637	1636
2711	1638	1637
2712	1639	1638
2713	1640	1639
2714	1641	1640
2715	1642	1641
2717	1643	1642
2720	1644	1643
2722	1645	1644
2724	1646	1645
2725	1647	1646
2726	1648	1647
2727	1649	1648
2730	1650	1649
2731	1651	1650
2732	1652	1651
2733	1653	1652
2734	1654	1653
2735	1655	1654
2736	1656	1655
2739	1657	1656
2740	1658	1657
2742	1659	1658
2746	1660	1659
2747	1661	1660
2750	1662	1661
2751	1663	1662
2752	1664	1663
2754	1665	1664
2755	1666	1665
2758	1667	1666
2759	1668	1667
2761	1669	1668
2762	1670	1669
2765	1671	1670
2766	1672	1671
2767	1673	1672
2768	1674	1673
2769	1675	1674
2770	1676	1675
2771	1677	1676
2772	1678	1677
2773	1679	1678
2774	1680	1679
2778	1681	1680
2781	1682	1681
2783	1683	1682
2785	1684	1683
2788	1685	1684
2789	1686	1685
2790	1687	1686
2791	1688	1687
2792	1689	1688
2793	1690	1689
2796	1691	1690
2797	1692	1691
2799	1693	1692
2800	1694	1693
2801	1695	1694
2803	1696	1695
2804	1697	1696
2805	1698	1697
2806	1699	1698
2807	1700	1699
2809	1701	1700
2810	1702	1701
2815	1703	1702
2816	1704	1703
2817	1705	1704
2818	1706	1705
2819	1707	1706
2821	1708	1707
2823	1709	1708
2826	1710	1709
2827	1711	1710
2828	1712	1711
2830	1713	1712
2832	1714	1713
2833	1715	1714
2836	1716	1715
2838	1717	1716
2839	1718	1717
2840	1719	1718
2841	1720	1719
2843	1721	1720
2844	1722	1721
2845	1723	1722
2846	1724	1723
2847	1725	1724
2849	1726	1725
2851	1727	1726
2852	1728	1727
2857	1729	1728
2859	1730	1729
2861	1731	1730
2863	1732	1731
2865	1733	1732
2866	1734	1733
2870	1735	1734
2872	1736	1735
2873	1737	1736
2874	1738	1737
2875	1739	1738
2878	1740	1739
2882	1741	1740
2883	1742	1741
2886	1743	1742
2887	1744	1743
2889	1745	1744
2891	1746	1745
2892	1747	1746
2895	1748	1747
2896	1749	1748
2897	1750	1749
2898	1751	1750
2900	1752	1751
2902	1753	1752
2903	1754	1753
2905	1755	1754
2906	1756	1755
2908	1757	1756
2909	1758	1757
2912	1759	1758
2913	1760	1759
2918	1761	1760
2920	1762	1761
2921	1763	1762
2924	1764	1763
2930	1765	1764
2931	1766	1765
2932	1767	1766
2935	1768	1767
2936	1769	1768
2937	1770	1769
2938	1771	1770
2940	1772	1771
2942	1773	1772
2943	1774	1773
2944	1775	1774
2945	1776	1775
2947	1777	1776
2948	1778	1777
2949	1779	1778
2951	1780	1779
2953	1781	1780
2955	1782	1781
2956	1783	1782
2958	1784	1783
2959	1785	1784
2961	1786	1785
2963	1787	1786
2964	1788	1787
2965	1789	1788
2966	1790	1789
2968	1791	1790
2969	1792	1791
2970	1793	1792
2971	1794	1793
2972	1795	1794
2973	1796	1795
2976	1797	1796
2977	1798	1797
2978	1799	1798
2980	1800	1799
2981	1801	1800
2983	1802	1801
2984	1803	1802
2988	1804	1803
2989	1805	1804
2990	1806	1805
2991	1807	1806
2992	1808	1807
2993	1809	1808
2996	1810	1809
2997	1811	1810
2998	1812	1811
2999	1813	1812
3001	1814	1813
3002	1815	1814
3003	1816	1815
3005	1817	1816
3006	1818	1817
3007	1819	1818
3009	1820	1819
3010	1821	1820
3011	1822	1821
3012	1823	1822
3013	1824	1823
3014	1825	1824
3017	1826	1825
3018	1827	1826
3019	1828	1827
3020	1829	1828
3021	1830	1829
3023	1831	1830
3025	1832	1831
3026	1833	1832
3030	1834	1833
3031	1835	1834
3032	1836	1835
3033	1837	1836
3036	1838	1837
3038	1839	1838
3040	1840	1839
3041	1841	1840
3043	1842	1841
3044	1843	1842
3045	1844	1843
3046	1845	1844
3049	1846	1845
3050	1847	1846
3051	1848	1847
3052	1849	1848
3053	1850	1849
3054	1851	1850
3055	1852	1851
3057	1853	1852
3059	1854	1853
3060	1855	1854
3061	1856	1855
3062	1857	1856
3065	1858	1857
3066	1859	1858
3067	1860	1859
3069	1861	1860
3072	1862	1861
3074	1863	1862
3075	1864	1863
3077	1865	1864
3078	1866	1865
3081	1867	1866
3082	1868	1867
3083	1869	1868
3084	1870	1869
3085	1871	1870
3087	1872	1871
3090	1873	1872
3091	1874	1873
3093	1875	1874
3095	1876	1875
3097	1877	1876
3098	1878	1877
3099	1879	1878
3100	1880	1879
3101	1881	1880
3102	1882	1881
3103	1883	1882
3105	1884	1883
3106	1885	1884
3107	1886	1885
3108	1887	1886
3111	1888	1887
3113	1889	1888
3114	1890	1889
3120	1891	1890
3121	1892	1891
3122	1893	1892
3124	1894	1893
3127	1895	1894
3128	1896	1895
3129	1897	1896
3131	1898	1897
3135	1899	1898
3136	1900	1899
3137	1901	1900
3141	1902	1901
3142	1903	1902
3143	1904	1903
3144	1905	1904
3146	1906	1905
3147	1907	1906
3148	1908	1907
3150	1909	1908
3151	1910	1909
3152	1911	1910
3153	1912	1911
3154	1913	1912
3156	1914	1913
3157	1915	1914
3158	1916	1915
3159	1917	1916
3161	1918	1917
3162	1919	1918
3163	1920	1919
3164	1921	1920
3167	1922	1921
3169	1923	1922
3171	1924	1923
3173	1925	1924
3174	1926	1925
3175	1927	1926
3176	1928	1927
3177	1929	1928
3179	1930	1929
3183	1931	1930
3185	1932	1931
3186	1933	1932
3188	1934	1933
3189	1935	1934
3196	1936	1935
3197	1937	1936
3199	1938	1937
3200	1939	1938
3201	1940	1939
3202	1941	1940
3203	1942	1941
3204	1943	1942
3208	1944	1943
3210	1945	1944
3211	1946	1945
3213	1947	1946
3214	1948	1947
3215	1949	1948
3219	1950	1949
3220	1951	1950
3221	1952	1951
3223	1953	1952
3224	1954	1953
3225	1955	1954
3228	1956	1955
3229	1957	1956
3230	1958	1957
3231	1959	1958
3232	1960	1959
3233	1961	1960
3234	1962	1961
3236	1963	1962
3237	1964	1963
3240	1965	1964
3242	1966	1965
3243	1967	1966
3245	1968	1967
3247	1969	1968
3248	1970	1969
3249	1971	1970
3251	1972	1971
3253	1973	1972
3254	1974	1973
3255	1975	1974
3256	1976	1975
3258	1977	1976
3259	1978	1977
3260	1979	1978
3262	1980	1979
3263	1981	1980
3264	1982	1981
3266	1983	1982
3267	1984	1983
3268	1985	1984
3270	1986	1985
3272	1987	1986
3273	1988	1987
3274	1989	1988
3275	1990	1989
3277	1991	1990
3278	1992	1991
3281	1993	1992
3282	1994	1993
3283	1995	1994
3284	1996	1995
3286	1997	1996
3287	1998	1997
3288	1999	1998
3289	2000	1999
3290	2001	2000
3291	2002	2001
3292	2003	2002
3293	2004	2003
3294	2005	2004
3295	2006	2005
3297	2007	2006
3299	2008	2007
3300	2009	2008
3301	2010	2009
3303	2011	2010
3306	2012	2011
3308	2013	2012
3311	2014	2013
3314	2015	2014
3315	2016	2015
3316	2017	2016
3317	2018	2017
3318	2019	2018
3319	2020	2019
3320	2021	2020
3322	2022	2021
3323	2023	2022
3324	2024	2023
3325	2025	2024
3326	2026	2025
3328	2027	2026
3329	2028	2027
3331	2029	2028
3332	2030	2029
3333	2031	2030
3334	2032	2031
3338	2033	2032
3339	2034	2033
3340	2035	2034
3342	2036	2035
3345	2037	2036
3346	2038	2037
3347	2039	2038
3351	2040	2039
3352	2041	2040
3353	2042	2041
3354	2043	2042
3355	2044	2043
3356	2045	2044
3358	2046	2045
3359	2047	2046
3360	2048	2047
3361	2049	2048
3362	2050	2049
3363	2051	2050
3364	2052	2051
3365	2053	2052
3366	2054	2053
3367	2055	2054
3368	2056	2055
3369	2057	2056
3372	2058	2057
3373	2059	2058
3374	2060	2059
3375	2061	2060
3377	2062	2061
3380	2063	2062
3381	2064	2063
3382	2065	2064
3383	2066	2065
3385	2067	2066
3387	2068	2067
3388	2069	2068
3389	2070	2069
3390	2071	2070
3391	2072	2071
3392	2073	2072
3393	2074	2073
3396	2075	2074
3397	2076	2075
3398	2077	2076
3399	2078	2077
3400	2079	2078
3402	2080	2079
3403	2081	2080
3406	2082	2081
3408	2083	2082
3410	2084	2083
3411	2085	2084
3414	2086	2085
3417	2087	2086
3418	2088	2087
3419	2089	2088
3420	2090	2089
3421	2091	2090
3422	2092	2091
3423	2093	2092
3424	2094	2093
3425	2095	2094
3426	2096	2095
3427	2097	2096
3429	2098	2097
3431	2099	2098
3432	2100	2099
3433	2101	2100
3434	2102	2101
3436	2103	2102
3437	2104	2103
3439	2105	2104
3440	2106	2105
3442	2107	2106
3443	2108	2107
3444	2109	2108
3445	2110	2109
3446	2111	2110
3447	2112	2111
3448	2113	2112
3450	2114	2113
3451	2115	2114
3452	2116	2115
3453	2117	2116
3455	2118	2117
3456	2119	2118
3460	2120	2119
3464	2121	2120
3465	2122	2121
3466	2123	2122
3467	2124	2123
3468	2125	2124
3471	2126	2125
3473	2127	2126
3474	2128	2127
3477	2129	2128
3478	2130	2129
3479	2131	2130
3482	2132	2131
3483	2133	2132
3484	2134	2133
3488	2135	2134
3489	2136	2135
3490	2137	2136
3491	2138	2137
3492	2139	2138
3493	2140	2139
3495	2141	2140
3496	2142	2141
3497	2143	2142
3498	2144	2143
3499	2145	2144
3500	2146	2145
3501	2147	2146
3502	2148	2147
3506	2149	2148
3507	2150	2149
3508	2151	2150
3510	2152	2151
3511	2153	2152
3512	2154	2153
3513	2155	2154
3514	2156	2155
3515	2157	2156
3516	2158	2157
3518	2159	2158
3519	2160	2159
3520	2161	2160
3521	2162	2161
3522	2163	2162
3523	2164	2163
3526	2165	2164
3527	2166	2165
3528	2167	2166
3530	2168	2167
3531	2169	2168
3533	2170	2169
3534	2171	2170
3535	2172	2171
3536	2173	2172
3537	2174	2173
3539	2175	2174
3540	2176	2175
3541	2177	2176
3542	2178	2177
3543	2179	2178
3544	2180	2179
3547	2181	2180
3548	2182	2181
3549	2183	2182
3551	2184	2183
3552	2185	2184
3555	2186	2185
3556	2187	2186
3557	2188	2187
3561	2189	2188
3563	2190	2189
3564	2191	2190
3567	2192	2191
3568	2193	2192
3569	2194	2193
3570	2195	2194
3572	2196	2195
3573	2197	2196
3574	2198	2197
3579	2199	2198
3580	2200	2199
3581	2201	2200
3582	2202	2201
3583	2203	2202
3585	2204	2203
3588	2205	2204
3589	2206	2205
3590	2207	2206
3591	2208	2207
3593	2209	2208
3599	2210	2209
3600	2211	2210
3601	2212	2211
3603	2213	2212
3605	2214	2213
3606	2215	2214
3608	2216	2215
3609	2217	2216
3610	2218	2217
3611	2219	2218
3612	2220	2219
3613	2221	2220
3614	2222	2221
3615	2223	2222
3618	2224	2223
3619	2225	2224
3620	2226	2225
3623	2227	2226
3624	2228	2227
3625	2229	2228
3628	2230	2229
3629	2231	2230
3631	2232	2231
3632	2233	2232
3633	2234	2233
3634	2235	2234
3635	2236	2235
3636	2237	2236
3638	2238	2237
3639	2239	2238
3640	2240	2239
3641	2241	2240
3643	2242	2241
3644	2243	2242
3646	2244	2243
3649	2245	2244
3651	2246	2245
3652	2247	2246
3653	2248	2247
3654	2249	2248
3656	2250	2249
3657	2251	2250
3658	2252	2251
3660	2253	2252
3661	2254	2253
3662	2255	2254
3663	2256	2255
3664	2257	2256
3665	2258	2257
3670	2259	2258
3671	2260	2259
3673	2261	2260
3674	2262	2261
3675	2263	2262
3676	2264	2263
3677	2265	2264
3678	2266	2265
3679	2267	2266
3680	2268	2267
3681	2269	2268
3682	2270	2269
3683	2271	2270
3684	2272	2271
3685	2273	2272
3688	2274	2273
3689	2275	2274
3690	2276	2275
3691	2277	2276
3692	2278	2277
3693	2279	2278
3695	2280	2279
3696	2281	2280
3697	2282	2281
3700	2283	2282
3701	2284	2283
3702	2285	2284
3703	2286	2285
3704	2287	2286
3706	2288	2287
3709	2289	2288
3711	2290	2289
3712	2291	2290
3713	2292	2291
3714	2293	2292
3715	2294	2293
3716	2295	2294
3718	2296	2295
3721	2297	2296
3725	2298	2297
3727	2299	2298
3730	2300	2299
3731	2301	2300
3732	2302	2301
3733	2303	2302
3735	2304	2303
3737	2305	2304
3738	2306	2305
3740	2307	2306
3745	2308	2307
3747	2309	2308
3748	2310	2309
3749	2311	2310
3750	2312	2311
3751	2313	2312
3754	2314	2313
3755	2315	2314
3756	2316	2315
3759	2317	2316
3760	2318	2317
3761	2319	2318
3763	2320	2319
3766	2321	2320
3767	2322	2321
3768	2323	2322
3769	2324	2323
3771	2325	2324
3774	2326	2325
3775	2327	2326
3776	2328	2327
3777	2329	2328
3778	2330	2329
3780	2331	2330
3781	2332	2331
3782	2333	2332
3783	2334	2333
3785	2335	2334
3786	2336	2335
3788	2337	2336
3789	2338	2337
3792	2339	2338
3793	2340	2339
3794	2341	2340
3796	2342	2341
3800	2343	2342
3801	2344	2343
3802	2345	2344
3803	2346	2345
3804	2347	2346
3805	2348	2347
3807	2349	2348
3809	2350	2349
3810	2351	2350
3811	2352	2351
3813	2353	2352
3814	2354	2353
3816	2355	2354
3817	2356	2355
3819	2357	2356
3820	2358	2357
3821	2359	2358
3822	2360	2359
3824	2361	2360
3825	2362	2361
3826	2363	2362
3827	2364	2363
3828	2365	2364
3829	2366	2365
3830	2367	2366
3832	2368	2367
3833	2369	2368
3834	2370	2369
3836	2371	2370
3837	2372	2371
3838	2373	2372
3839	2374	2373
3840	2375	2374
3841	2376	2375
3843	2377	2376
3847	2378	2377
3848	2379	2378
3851	2380	2379
3852	2381	2380
3853	2382	2381
3854	2383	2382
3855	2384	2383
3858	2385	2384
3859	2386	2385
3860	2387	2386
3861	2388	2387
3862	2389	2388
3863	2390	2389
3864	2391	2390
3865	2392	2391
3868	2393	2392
3873	2394	2393
3874	2395	2394
3875	2396	2395
3879	2397	2396
3880	2398	2397
3881	2399	2398
3882	2400	2399
3883	2401	2400
3885	2402	2401
3886	2403	2402
3888	2404	2403
3889	2405	2404
3892	2406	2405
3893	2407	2406
3894	2408	2407
3896	2409	2408
3897	2410	2409
3900	2411	2410
3901	2412	2411
3902	2413	2412
3903	2414	2413
3905	2415	2414
3907	2416	2415
3908	2417	2416
3909	2418	2417
3910	2419	2418
3911	2420	2419
3913	2421	2420
3915	2422	2421
3916	2423	2422
3917	2424	2423
3918	2425	2424
3919	2426	2425
3921	2427	2426
3923	2428	2427
3924	2429	2428
3925	2430	2429
3926	2431	2430
3927	2432	2431
3928	2433	2432
3929	2434	2433
3931	2435	2434
3933	2436	2435
3938	2437	2436
3941	2438	2437
3942	2439	2438
3943	2440	2439
3944	2441	2440
3945	2442	2441
3949	2443	2442
3950	2444	2443
3951	2445	2444
