org_id	remap_id
1421	0
4140	1
5361	2
5015	3
1447	4
4091	5
2649	6
3096	7
1501	8
2504	9
2862	10
1561	11
2077	12
4819	13
4713	14
692	15
4951	16
583	17
1605	18
1284	19
3994	20
531	21
2110	22
2016	23
5142	24
3432	25
2455	26
2619	27
4310	28
3411	29
3251	30
3041	31
5278	32
2793	33
1797	34
1741	35
3729	36
1317	37
5620	38
3260	39
2226	40
4779	41
1942	42
4375	43
3520	44
3391	45
679	46
1950	47
3032	48
187	49
5801	50
4642	51
1299	52
3154	53
5522	54
501	55
1861	56
5848	57
4906	58
4021	59
2493	60
3761	61
4275	62
1188	63
4193	64
3713	65
1667	66
705	67
2872	68
631	69
676	70
15	71
3825	72
3572	73
156	74
588	75
4591	76
533	77
4815	78
2544	79
4771	80
1144	81
781	82
5405	83
3353	84
1647	85
877	86
2188	87
4508	88
1402	89
1908	90
1778	91
4478	92
1039	93
2047	94
1706	95
3774	96
2808	97
3557	98
2227	99
1758	100
5042	101
266	102
5518	103
4327	104
1835	105
3400	106
601	107
3034	108
5698	109
5220	110
4422	111
1793	112
4408	113
5260	114
4344	115
5861	116
1026	117
5351	118
5852	119
1752	120
5623	121
3101	122
4654	123
5732	124
2038	125
4227	126
2364	127
3853	128
1645	129
2689	130
667	131
4480	132
5100	133
450	134
1073	135
123	136
1352	137
3816	138
752	139
2073	140
1585	141
1034	142
5120	143
921	144
4669	145
1130	146
493	147
5677	148
5664	149
2995	150
3490	151
1897	152
3878	153
5373	154
4966	155
4005	156
4299	157
3635	158
4680	159
210	160
1396	161
216	162
4235	163
2627	164
5302	165
4887	166
4700	167
3389	168
4189	169
5536	170
3039	171
5021	172
3807	173
4159	174
3832	175
1090	176
4285	177
2658	178
2040	179
2129	180
4318	181
2030	182
5888	183
2453	184
1675	185
5363	186
2880	187
1916	188
2724	189
5989	190
3280	191
5369	192
4303	193
1448	194
3705	195
2484	196
4786	197
4585	198
4170	199
5818	200
5012	201
1618	202
271	203
99	204
1488	205
2608	206
1194	207
4546	208
1390	209
474	210
1928	211
1884	212
4881	213
4150	214
5395	215
1293	216
3483	217
1891	218
5641	219
1926	220
157	221
4897	222
18	223
105	224
1465	225
965	226
1087	227
1056	228
35	229
4169	230
2042	231
4858	232
919	233
1246	234
1658	235
2812	236
528	237
4592	238
2860	239
1101	240
2909	241
3834	242
949	243
235	244
204	245
4277	246
4448	247
3561	248
4009	249
1065	250
4041	251
1496	252
331	253
5705	254
5871	255
5831	256
1896	257
4962	258
4972	259
1728	260
5902	261
4773	262
1311	263
2994	264
1980	265
2743	266
5976	267
5614	268
3253	269
2777	270
225	271
1530	272
4619	273
3300	274
4248	275
2251	276
2082	277
5339	278
832	279
2241	280
748	281
1982	282
3042	283
4427	284
637	285
5728	286
4213	287
2389	288
4715	289
2446	290
918	291
942	292
2448	293
1763	294
3337	295
5438	296
3224	297
4620	298
3226	299
1899	300
2575	301
4289	302
2731	303
3451	304
5352	305
674	306
3675	307
5561	308
3828	309
372	310
4121	311
1606	312
3539	313
5442	314
4386	315
4410	316
5790	317
2737	318
3256	319
4482	320
5225	321
5600	322
1053	323
272	324
4659	325
1635	326
3882	327
4952	328
3321	329
4838	330
6036	331
3981	332
1221	333
2529	334
3755	335
4388	336
4611	337
2271	338
4243	339
2393	340
702	341
5193	342
3689	343
3559	344
4579	345
1340	346
285	347
2656	348
2298	349
2730	350
3586	351
3250	352
5344	353
1909	354
475	355
2266	356
5872	357
4964	358
2063	359
5239	360
3789	361
5659	362
2567	363
409	364
4115	365
5091	366
3146	367
4983	368
587	369
2140	370
2068	371
4626	372
4107	373
3313	374
4673	375
3327	376
2583	377
5969	378
690	379
4524	380
3955	381
4201	382
5446	383
2943	384
5756	385
415	386
4796	387
4855	388
38	389
3394	390
5939	391
3428	392
2130	393
1504	394
5494	395
5874	396
5530	397
5011	398
2085	399
869	400
4745	401
2562	402
3900	403
72	404
5019	405
1230	406
2106	407
2051	408
2599	409
2088	410
5413	411
3614	412
5451	413
3281	414
1215	415
3524	416
3513	417
1822	418
1489	419
3487	420
1712	421
4889	422
2222	423
3484	424
3624	425
5223	426
426	427
211	428
5161	429
5306	430
1010	431
4954	432
3125	433
801	434
3842	435
1791	436
92	437
5229	438
5269	439
310	440
3462	441
5163	442
3458	443
5916	444
1631	445
3519	446
4286	447
4064	448
5825	449
1015	450
2237	451
750	452
5286	453
625	454
5000	455
2715	456
53	457
3029	458
3808	459
3930	460
887	461
5184	462
2233	463
1951	464
5488	465
4255	466
5627	467
3993	468
3227	469
4653	470
2944	471
5443	472
5054	473
2555	474
5592	475
4467	476
2712	477
412	478
453	479
739	480
2320	481
5035	482
3507	483
2072	484
3374	485
3799	486
4743	487
5074	488
5996	489
5954	490
5319	491
2489	492
3889	493
5009	494
3735	495
5654	496
2985	497
4265	498
4092	499
2449	500
4329	501
52	502
273	503
1004	504
2611	505
1671	506
5724	507
4345	508
131	509
5576	510
5217	511
1591	512
469	513
5878	514
5496	515
2025	516
3240	517
3197	518
1974	519
4980	520
5523	521
2096	522
4785	523
1019	524
1051	525
5573	526
2895	527
1922	528
439	529
4379	530
1993	531
2507	532
4082	533
1100	534
1666	535
1550	536
424	537
5832	538
2100	539
2913	540
1177	541
393	542
2750	543
4258	544
3219	545
4725	546
3416	547
1285	548
5431	549
1456	550
2054	551
1601	552
5207	553
1560	554
3673	555
984	556
3545	557
4802	558
5135	559
1274	560
1490	561
3290	562
3111	563
4578	564
2288	565
816	566
1109	567
3821	568
1692	569
1443	570
1343	571
3928	572
585	573
556	574
5788	575
4981	576
2898	577
5002	578
3576	579
1060	580
5312	581
119	582
368	583
3081	584
2910	585
2887	586
261	587
1273	588
3985	589
639	590
1701	591
3769	592
5922	593
2496	594
2244	595
1823	596
1613	597
3736	598
957	599
3788	600
4793	601
3683	602
173	603
5489	604
5307	605
4901	606
5889	607
5717	608
1599	609
889	610
190	611
10	612
770	613
17	614
5366	615
4156	616
5845	617
735	618
181	619
1449	620
2265	621
477	622
3695	623
5032	624
4223	625
1113	626
4123	627
5548	628
3055	629
5875	630
42	631
723	632
1315	633
5526	634
5001	635
4305	636
2732	637
5626	638
5482	639
274	640
3746	641
3740	642
2175	643
4768	644
4535	645
4904	646
2938	647
1137	648
5329	649
3343	650
2090	651
1470	652
2015	653
953	654
5981	655
5658	656
2041	657
1727	658
11	659
560	660
3099	661
1021	662
4333	663
3697	664
2904	665
1354	666
5955	667
2516	668
5151	669
839	670
1527	671
4160	672
1624	673
116	674
4927	675
2138	676
3091	677
5417	678
3833	679
651	680
83	681
811	682
793	683
3299	684
1934	685
728	686
3309	687
2901	688
1120	689
1057	690
731	691
13	692
3261	693
4956	694
3139	695
3129	696
4271	697
3852	698
2409	699
4893	700
5755	701
1134	702
6016	703
4387	704
2181	705
62	706
4562	707
3693	708
5457	709
862	710
3558	711
5952	712
2849	713
4028	714
2334	715
1304	716
5126	717
3306	718
4043	719
3792	720
1077	721
524	722
1389	723
3681	724
437	725
3069	726
472	727
3045	728
3375	729
3881	730
1984	731
429	732
1915	733
4600	734
5806	735
5759	736
2462	737
441	738
1802	739
246	740
1469	741
1641	742
1243	743
255	744
4829	745
5964	746
265	747
1029	748
5347	749
3829	750
4151	751
3515	752
2465	753
4149	754
5359	755
2079	756
2883	757
3502	758
1135	759
4497	760
3204	761
4568	762
2148	763
5008	764
934	765
505	766
2681	767
2206	768
2545	769
2436	770
3891	771
5295	772
1128	773
2350	774
3851	775
24	776
2304	777
4852	778
5493	779
2018	780
3369	781
5271	782
1206	783
716	784
3873	785
3087	786
2368	787
2634	788
2733	789
648	790
910	791
4242	792
3009	793
2029	794
571	795
5789	796
3691	797
5980	798
149	799
5046	800
1753	801
3192	802
3999	803
1680	804
4621	805
3130	806
3579	807
1833	808
636	809
1887	810
4984	811
3641	812
4879	813
3108	814
5364	815
3945	816
2287	817
798	818
5814	819
3163	820
2363	821
4655	822
1514	823
329	824
3927	825
1985	826
1096	827
2651	828
155	829
4631	830
327	831
3447	832
5273	833
314	834
5822	835
1067	836
4194	837
4358	838
2756	839
5910	840
1592	841
2781	842
3963	843
4204	844
1623	845
3687	846
4593	847
1088	848
2401	849
1879	850
5811	851
4437	852
2552	853
3401	854
5453	855
1941	856
2383	857
1168	858
1600	859
3521	860
955	861
3989	862
4770	863
4967	864
1746	865
2900	866
5652	867
5090	868
5402	869
719	870
3626	871
1376	872
1717	873
6033	874
3672	875
4470	876
4865	877
696	878
2497	879
2014	880
1143	881
1314	882
1781	883
3402	884
4269	885
3169	886
2609	887
4287	888
4378	889
3741	890
3726	891
5594	892
5615	893
937	894
5958	895
1611	896
4714	897
1587	898
3627	899
3149	900
2172	901
332	902
2638	903
4117	904
5394	905
3903	906
4841	907
5925	908
2554	909
3801	910
5506	911
2676	912
193	913
1084	914
1186	915
307	916
59	917
2616	918
2162	919
5588	920
3920	921
1132	922
2680	923
3850	924
4177	925
3011	926
5956	927
4876	928
1224	929
6005	930
5569	931
3379	932
3075	933
1425	934
4131	935
371	936
5557	937
5433	938
3870	939
2692	940
3607	941
5140	942
1420	943
2457	944
3550	945
4433	946
504	947
943	948
346	949
1451	950
1837	951
403	952
2221	953
1142	954
5752	955
4126	956
3648	957
2424	958
5061	959
3992	960
1105	961
3886	962
2592	963
5464	964
3038	965
2772	966
1099	967
3560	968
3612	969
195	970
1947	971
3257	972
1988	973
4867	974
850	975
926	976
3157	977
1442	978
3119	979
3904	980
5539	981
3650	982
2293	983
2761	984
5758	985
4607	986
254	987
1895	988
3049	989
3987	990
3826	991
5643	992
2809	993
2847	994
4509	995
2192	996
4739	997
1598	998
817	999
5483	1000
5511	1001
3474	1002
851	1003
2918	1004
3859	1005
445	1006
3658	1007
5448	1008
3363	1009
1429	1010
3010	1011
2547	1012
1413	1013
729	1014
5504	1015
4507	1016
5337	1017
63	1018
4281	1019
3156	1020
946	1021
3175	1022
3423	1023
5809	1024
2120	1025
3721	1026
392	1027
5884	1028
1513	1029
2539	1030
4007	1031
398	1032
4312	1033
178	1034
435	1035
247	1036
4734	1037
4133	1038
1220	1039
4331	1040
148	1041
2179	1042
4543	1043
5749	1044
4072	1045
6006	1046
240	1047
3885	1048
1954	1049
5157	1050
6000	1051
2962	1052
5378	1053
1709	1054
1743	1055
5174	1056
2176	1057
2170	1058
1840	1059
33	1060
385	1061
185	1062
577	1063
3995	1064
3511	1065
1279	1066
2857	1067
5718	1068
1904	1069
1092	1070
1392	1071
3305	1072
555	1073
5136	1074
4089	1075
3323	1076
5585	1077
1836	1078
1745	1079
4118	1080
3499	1081
3412	1082
2031	1083
4608	1084
5198	1085
1732	1086
726	1087
337	1088
4505	1089
299	1090
3768	1091
278	1092
5077	1093
797	1094
1202	1095
5580	1096
436	1097
3031	1098
4586	1099
4141	1100
5837	1101
547	1102
655	1103
3044	1104
4411	1105
1281	1106
2664	1107
4845	1108
3229	1109
792	1110
4457	1111
3778	1112
198	1113
4890	1114
44	1115
2017	1116
5812	1117
5957	1118
5740	1119
2981	1120
5869	1121
791	1122
295	1123
3679	1124
1297	1125
1878	1126
2518	1127
4647	1128
2309	1129
4122	1130
5182	1131
5346	1132
2863	1133
5349	1134
550	1135
3467	1136
3472	1137
3182	1138
4415	1139
5722	1140
4058	1141
844	1142
1339	1143
2353	1144
3894	1145
1260	1146
4678	1147
4356	1148
5682	1149
1074	1150
1363	1151
1069	1152
5920	1153
5856	1154
4800	1155
494	1156
4139	1157
4490	1158
987	1159
4354	1160
2806	1161
3615	1162
4781	1163
5630	1164
4939	1165
169	1166
309	1167
2997	1168
4803	1169
231	1170
4035	1171
1298	1172
1333	1173
159	1174
2092	1175
3080	1176
881	1177
3723	1178
2564	1179
2573	1180
1066	1181
5026	1182
3759	1183
1329	1184
5304	1185
5653	1186
447	1187
3698	1188
2786	1189
721	1190
3716	1191
3578	1192
4054	1193
5972	1194
5731	1195
5138	1196
788	1197
549	1198
3968	1199
1958	1200
3948	1201
4997	1202
2103	1203
3028	1204
132	1205
4500	1206
2180	1207
4033	1208
2773	1209
151	1210
2020	1211
264	1212
6018	1213
6004	1214
3445	1215
1369	1216
5501	1217
162	1218
230	1219
624	1220
2156	1221
2263	1222
4869	1223
3491	1224
73	1225
4595	1226
1894	1227
1616	1228
5108	1229
5399	1230
4416	1231
1697	1232
1054	1233
150	1234
575	1235
244	1236
1261	1237
111	1238
2878	1239
5437	1240
5196	1241
2976	1242
2726	1243
5804	1244
765	1245
1963	1246
4834	1247
4090	1248
609	1249
4968	1250
3711	1251
664	1252
4530	1253
1842	1254
2145	1255
3471	1256
3787	1257
5930	1258
4376	1259
5435	1260
1545	1261
3562	1262
897	1263
4707	1264
1943	1265
5300	1266
3525	1267
1068	1268
1196	1269
4921	1270
1272	1271
3311	1272
3292	1273
3942	1274
1466	1275
3639	1276
3464	1277
4458	1278
3884	1279
4874	1280
110	1281
5497	1282
4368	1283
4022	1284
1372	1285
3841	1286
5406	1287
3766	1288
2262	1289
3610	1290
1383	1291
778	1292
896	1293
5543	1294
2746	1295
2928	1296
5516	1297
5707	1298
259	1299
3065	1300
5111	1301
1150	1302
4742	1303
3836	1304
4817	1305
3356	1306
386	1307
428	1308
5234	1309
1643	1310
5622	1311
5961	1312
408	1313
4861	1314
2362	1315
1969	1316
4078	1317
4111	1318
5281	1319
1804	1320
876	1321
4471	1322
1473	1323
2817	1324
3600	1325
1382	1326
2253	1327
6025	1328
5452	1329
2595	1330
2264	1331
4083	1332
1141	1333
1699	1334
3847	1335
1356	1336
2203	1337
5327	1338
5927	1339
859	1340
2677	1341
2641	1342
2340	1343
5060	1344
736	1345
5353	1346
3946	1347
678	1348
4777	1349
3777	1350
3844	1351
840	1352
4769	1353
4070	1354
3121	1355
3406	1356
3216	1357
5621	1358
1079	1359
5401	1360
939	1361
2191	1362
5428	1363
438	1364
5946	1365
202	1366
4738	1367
5867	1368
5782	1369
2116	1370
1996	1371
3592	1372
1770	1373
996	1374
3481	1375
1883	1376
5924	1377
5842	1378
5222	1379
3312	1380
1007	1381
1723	1382
3118	1383
1533	1384
4232	1385
2059	1386
3724	1387
809	1388
2941	1389
2785	1390
3271	1391
3905	1392
2685	1393
4352	1394
2723	1395
3760	1396
4018	1397
4355	1398
2523	1399
1507	1400
3172	1401
3709	1402
4112	1403
3997	1404
3685	1405
3037	1406
1771	1407
718	1408
1348	1409
5459	1410
238	1411
3820	1412
5340	1413
3998	1414
5792	1415
4914	1416
2303	1417
3538	1418
5421	1419
4459	1420
2167	1421
1231	1422
780	1423
28	1424
1110	1425
4473	1426
4859	1427
5265	1428
461	1429
3682	1430
3731	1431
5978	1432
293	1433
4097	1434
5747	1435
2693	1436
86	1437
3712	1438
4099	1439
3365	1440
2124	1441
5480	1442
4001	1443
5645	1444
5468	1445
1571	1446
4950	1447
5734	1448
380	1449
3596	1450
4765	1451
5083	1452
4030	1453
3585	1454
3590	1455
3434	1456
4301	1457
822	1458
1163	1459
5133	1460
4304	1461
5387	1462
4489	1463
3073	1464
2419	1465
5447	1466
406	1467
3638	1468
3953	1469
3824	1470
3809	1471
4708	1472
5112	1473
5938	1474
3120	1475
3140	1476
301	1477
1062	1478
3588	1479
4516	1480
2373	1481
4006	1482
2239	1483
5662	1484
3370	1485
1845	1486
2566	1487
3159	1488
4907	1489
4917	1490
2091	1491
5736	1492
5880	1493
5636	1494
3757	1495
1460	1496
4643	1497
4084	1498
5109	1499
853	1500
4212	1501
4116	1502
2195	1503
935	1504
1303	1505
1740	1506
1547	1507
3190	1508
5706	1509
2036	1510
3266	1511
2444	1512
3097	1513
1483	1514
3940	1515
81	1516
5429	1517
2769	1518
5246	1519
2348	1520
646	1521
3823	1522
3201	1523
4075	1524
1326	1525
3686	1526
2321	1527
5762	1528
546	1529
2486	1530
2125	1531
3395	1532
3440	1533
4138	1534
3259	1535
2921	1536
4407	1537
5689	1538
1345	1539
3267	1540
1266	1541
1875	1542
3410	1543
2753	1544
2261	1545
1338	1546
419	1547
1912	1548
5264	1549
5432	1550
5675	1551
5114	1552
4898	1553
3909	1554
1156	1555
3486	1556
2660	1557
166	1558
1661	1559
1502	1560
2255	1561
644	1562
993	1563
2662	1564
3454	1565
5502	1566
2858	1567
1344	1568
5512	1569
3971	1570
2236	1571
4114	1572
5049	1573
594	1574
4634	1575
3813	1576
1071	1577
2665	1578
1182	1579
2122	1580
1579	1581
308	1582
3601	1583
4217	1584
899	1585
5099	1586
2121	1587
4998	1588
1983	1589
3304	1590
352	1591
4094	1592
2225	1593
3812	1594
22	1595
1415	1596
2541	1597
3931	1598
1138	1599
5921	1600
5025	1601
5153	1602
4618	1603
1597	1604
3195	1605
3278	1606
5121	1607
3772	1608
5466	1609
4088	1610
509	1611
2501	1612
1814	1613
846	1614
6022	1615
5667	1616
5288	1617
5377	1618
5172	1619
3646	1620
1812	1621
5779	1622
1577	1623
1865	1624
1040	1625
1321	1626
1505	1627
4053	1628
5171	1629
4183	1630
4485	1631
3430	1632
1903	1633
161	1634
3845	1635
5565	1636
5103	1637
1112	1638
4825	1639
5805	1640
1798	1641
1803	1642
4813	1643
3743	1644
5886	1645
4726	1646
5098	1647
3733	1648
1164	1649
4905	1650
5311	1651
3526	1652
642	1653
3074	1654
5071	1655
1347	1656
824	1657
4573	1658
4491	1659
4014	1660
5460	1661
5948	1662
1287	1663
2952	1664
4421	1665
3571	1666
3947	1667
6040	1668
4302	1669
3688	1670
3858	1671
4406	1672
2907	1673
2788	1674
998	1675
1855	1676
4476	1677
543	1678
647	1679
5508	1680
5776	1681
2629	1682
4238	1683
3424	1684
3128	1685
2380	1686
4688	1687
3970	1688
5786	1689
3199	1690
3737	1691
496	1692
175	1693
5524	1694
4391	1695
5423	1696
1733	1697
1494	1698
621	1699
3512	1700
5441	1701
3208	1702
747	1703
2559	1704
1199	1705
4602	1706
5178	1707
4946	1708
5692	1709
5851	1710
2011	1711
2979	1712
4317	1713
4048	1714
5086	1715
515	1716
1193	1717
1938	1718
4567	1719
5550	1720
963	1721
1184	1722
2643	1723
3287	1724
1251	1725
962	1726
3665	1727
5070	1728
2597	1729
4732	1730
2012	1731
2064	1732
845	1733
5795	1734
5931	1735
338	1736
1430	1737
4948	1738
2010	1739
205	1740
948	1741
1217	1742
4319	1743
1047	1744
300	1745
1203	1746
2451	1747
4959	1748
5761	1749
4440	1750
467	1751
4125	1752
1871	1753
1366	1754
1125	1755
5583	1756
5454	1757
4077	1758
4675	1759
618	1760
3426	1761
3205	1762
1693	1763
5597	1764
76	1765
4666	1766
536	1767
2161	1768
5598	1769
3556	1770
593	1771
2	1772
2757	1773
4572	1774
5721	1775
5568	1776
2550	1777
3504	1778
5769	1779
1998	1780
843	1781
3651	1782
3902	1783
4563	1784
1724	1785
1320	1786
538	1787
4932	1788
1242	1789
3827	1790
2494	1791
3005	1792
2540	1793
4361	1794
4993	1795
5445	1796
4510	1797
1228	1798
1949	1799
3855	1800
2810	1801
1117	1802
4884	1803
482	1804
2067	1805
5384	1806
4389	1807
5775	1808
2701	1809
3718	1810
5998	1811
4137	1812
3320	1813
4029	1814
773	1815
2628	1816
476	1817
5267	1818
914	1819
5813	1820
1524	1821
4635	1822
1414	1823
3540	1824
4947	1825
2736	1826
1139	1827
1994	1828
2299	1829
1805	1830
673	1831
2803	1832
312	1833
5841	1834
405	1835
570	1836
5595	1837
3754	1838
5826	1839
5333	1840
4384	1841
3791	1842
2084	1843
5519	1844
1832	1845
6003	1846
3784	1847
3350	1848
4757	1849
2929	1850
4863	1851
753	1852
1114	1853
3189	1854
3436	1855
78	1856
3393	1857
1756	1858
3704	1859
5256	1860
5107	1861
2526	1862
4937	1863
5854	1864
2105	1865
3242	1866
1744	1867
3554	1868
5604	1869
669	1870
4276	1871
3497	1872
5059	1873
5714	1874
5860	1875
2926	1876
389	1877
4034	1878
5915	1879
5282	1880
2307	1881
5602	1882
3452	1883
3161	1884
1676	1885
4381	1886
4674	1887
737	1888
983	1889
6015	1890
1776	1891
3966	1892
3871	1893
2779	1894
4637	1895
732	1896
470	1897
179	1898
4119	1899
630	1900
117	1901
5905	1902
3339	1903
3367	1904
5575	1905
376	1906
4315	1907
1582	1908
4729	1909
2967	1910
5699	1911
2279	1912
4808	1913
699	1914
1966	1915
3860	1916
622	1917
2094	1918
4369	1919
136	1920
4506	1921
2423	1922
4649	1923
146	1924
3386	1925
2896	1926
563	1927
3914	1928
1869	1929
2450	1930
966	1931
139	1932
5308	1933
1638	1934
5113	1935
5322	1936
2485	1937
529	1938
2344	1939
3670	1940
4957	1941
4842	1942
3414	1943
2946	1944
2173	1945
815	1946
1248	1947
1412	1948
2070	1949
3018	1950
5089	1951
3485	1952
1716	1953
659	1954
5815	1955
2214	1956
5005	1957
4686	1958
1687	1959
4687	1960
3425	1961
2166	1962
5237	1963
855	1964
4016	1965
4945	1966
3409	1967
5146	1968
3277	1969
1764	1970
3770	1971
5533	1972
3155	1973
4918	1974
2854	1975
322	1976
1917	1977
5680	1978
4261	1979
96	1980
1472	1981
5180	1982
3132	1983
3854	1984
2663	1985
713	1986
2866	1987
4589	1988
5531	1989
2035	1990
4362	1991
5746	1992
1080	1993
4693	1994
4601	1995
2376	1996
3912	1997
2343	1998
5701	1999
2565	2000
239	2001
1346	2002
894	2003
5242	2004
5679	2005
3245	2006
4973	2007
2438	2008
1972	2009
3162	2010
361	2011
4684	2012
2026	2013
4511	2014
3094	2015
5808	2016
3652	2017
2208	2018
2558	2019
5181	2020
1024	2021
1859	2022
3518	2023
989	2024
829	2025
2986	2026
4540	2027
2719	2028
2503	2029
1259	2030
5403	2031
1944	2032
4539	2033
4297	2034
5553	2035
2005	2036
2870	2037
4025	2038
4418	2039
5704	2040
5730	2041
5283	2042
457	2043
2219	2044
483	2045
2198	2046
3223	2047
4334	2048
1124	2049
5665	2050
4682	2051
3308	2052
1152	2053
1877	2054
222	2055
5110	2056
5148	2057
2205	2058
2674	2059
3546	2060
2421	2061
5473	2062
1628	2063
4452	2064
1882	2065
2242	2066
2868	2067
1683	2068
5082	2069
4404	2070
2178	2071
236	2072
2965	2073
5803	2074
2798	2075
880	2076
4910	2077
2778	2078
2267	2079
2190	2080
3001	2081
5676	2082
3678	2083
4990	2084
4801	2085
5219	2086
145	2087
2768	2088
5408	2089
1790	2090
608	2091
2911	2092
3446	2093
1422	2094
725	2095
2984	2096
558	2097
1151	2098
4697	2099
2429	2100
3611	2101
3301	2102
2275	2103
4268	2104
767	2105
1378	2106
1952	2107
1685	2108
1820	2109
5605	2110
2315	2111
5463	2112
5376	2113
1939	2114
4737	2115
1794	2116
2852	2117
4085	2118
4762	2119
3167	2120
4888	2121
2949	2122
5324	2123
258	2124
5450	2125
3035	2126
2023	2127
3469	2128
5668	2129
3126	2130
2109	2131
1210	2132
2164	2133
45	2134
4104	2135
1170	2136
3237	2137
1038	2138
1403	2139
75	2140
4253	2141
1121	2142
4823	2143
4826	2144
3473	2145
5268	2146
5056	2147
2165	2148
2668	2149
3093	2150
2247	2151
3346	2152
1387	2153
1271	2154
3403	2155
2229	2156
4247	2157
2642	2158
4627	2159
5205	2160
5890	2161
1698	2162
701	2163
2625	2164
1131	2165
3269	2166
2301	2167
5253	2168
4430	2169
4517	2170
4731	2171
2199	2172
727	2173
2168	2174
2316	2175
3976	2176
2402	2177
1540	2178
21	2179
1058	2180
5076	2181
3892	2182
4875	2183
9	2184
1089	2185
1331	2186
3433	2187
1786	2188
4754	2189
1734	2190
5785	2191
4979	2192
2841	2193
1500	2194
5846	2195
3419	2196
3875	2197
5491	2198
5857	2199
5475	2200
5670	2201
2989	2202
4816	2203
1086	2204
929	2205
1140	2206
775	2207
3509	2208
2174	2209
3938	2210
1586	2211
1997	2212
2747	2213
2157	2214
2379	2215
5963	2216
1324	2217
4774	2218
1920	2219
2983	2220
2590	2221
1022	2222
1388	2223
2259	2224
1959	2225
355	2226
4614	2227
1234	2228
5945	2229
3017	2230
3134	2231
5794	2232
924	2233
3956	2234
2729	2235
4447	2236
2711	2237
3285	2238
856	2239
5085	2240
4272	2241
754	2242
3501	2243
4940	2244
3575	2245
4093	2246
5073	2247
1492	2248
3551	2249
1036	2250
3547	2251
4664	2252
5634	2253
5018	2254
5058	2255
4042	2256
378	2257
1785	2258
954	2259
1968	2260
3371	2261
5567	2262
610	2263
671	2264
5251	2265
5839	2266
3086	2267
4220	2268
3913	2269
5014	2270
2805	2271
5517	2272
657	2273
3868	2274
802	2275
2522	2276
3196	2277
4520	2278
2273	2279
3717	2280
3506	2281
1059	2282
4854	2283
3661	2284
5767	2285
4671	2286
5287	2287
97	2288
1986	2289
714	2290
5895	2291
5232	2292
4161	2293
3380	2294
6014	2295
5485	2296
5335	2297
5601	2298
4425	2299
820	2300
3357	2301
523	2302
1637	2303
23	2304
2640	2305
886	2306
4377	2307
4370	2308
144	2309
743	2310
5250	2311
5943	2312
1534	2313
5131	2314
1176	2315
3563	2316
5971	2317
5422	2318
2349	2319
1464	2320
2948	2321
2851	2322
58	2323
3053	2324
319	2325
682	2326
1481	2327
4424	2328
4677	2329
4417	2330
4451	2331
2632	2332
48	2333
4541	2334
2942	2335
140	2336
2791	2337
3376	2338
1362	2339
1556	2340
2576	2341
2826	2342
687	2343
1254	2344
1815	2345
1393	2346
1677	2347
884	2348
4401	2349
1440	2350
3715	2351
1607	2352
5599	2353
5655	2354
3106	2355
5625	2356
3922	2357
26	2358
4716	2359
2682	2360
3619	2361
2818	2362
2869	2363
5754	2364
2661	2365
697	2366
5593	2367
5770	2368
818	2369
5896	2370
224	2371
1551	2372
3523	2373
2691	2374
5404	2375
1276	2376
2153	2377
4705	2378
875	2379
865	2380
2223	2381
298	2382
3023	2383
4484	2384
3450	2385
985	2386
2146	2387
442	2388
4557	2389
4351	2390
1441	2391
5055	2392
2894	2393
5332	2394
4689	2395
5255	2396
347	2397
3756	2398
135	2399
2372	2400
1918	2401
882	2402
5624	2403
5554	2404
3617	2405
3763	2406
5495	2407
1175	2408
5691	2409
712	2410
1796	2411
5418	2412
3158	2413
885	2414
1940	2415
5294	2416
3517	2417
1930	2418
2131	2419
2885	2420
4605	2421
2002	2422
3110	2423
351	2424
5738	2425
5472	2426
1755	2427
4532	2428
4798	2429
1185	2430
454	2431
2774	2432
451	2433
4207	2434
5092	2435
2889	2436
5855	2437
3599	2438
2249	2439
446	2440
6023	2441
4526	2442
506	2443
5611	2444
2807	2445
3173	2446
192	2447
4215	2448
2050	2449
2211	2450
5158	2451
1807	2452
5389	2453
1093	2454
4609	2455
5566	2456
2114	2457
2683	2458
5396	2459
5760	2460
4577	2461
325	2462
1205	2463
109	2464
3348	2465
2420	2466
613	2467
3399	2468
4831	2469
927	2470
12	2471
4583	2472
5535	2473
1223	2474
562	2475
2196	2476
2679	2477
473	2478
1991	2479
518	2480
4995	2481
2024	2482
3210	2483
776	2484
1127	2485
2500	2486
4523	2487
958	2488
5305	2489
65	2490
5555	2491
2804	2492
2098	2493
3752	2494
2624	2495
2319	2496
4821	2497
795	2498
214	2499
2795	2500
242	2501
1673	2502
1017	2503
854	2504
4718	2505
977	2506
270	2507
1218	2508
3773	2509
4496	2510
707	2511
1856	2512
2996	2513
968	2514
578	2515
3910	2516
5716	2517
4162	2518
2988	2519
4877	2520
4886	2521
336	2522
5617	2523
5072	2524
4899	2525
1528	2526
5513	2527
5715	2528
3082	2529
3589	2530
1809	2531
2760	2532
5166	2533
4050	2534
3465	2535
564	2536
142	2537
5520	2538
1694	2539
5862	2540
2323	2541
1434	2542
4922	2543
2820	2544
1828	2545
5986	2546
1179	2547
4062	2548
4978	2549
3056	2550
4036	2551
4656	2552
4625	2553
3862	2554
5787	2555
2605	2556
5325	2557
2089	2558
1749	2559
133	2560
4748	2561
3067	2562
1736	2563
941	2564
5104	2565
1946	2566
6007	2567
3071	2568
4060	2569
1594	2570
810	2571
3151	2572
4049	2573
4237	2574
3085	2575
931	2576
741	2577
4615	2578
1925	2579
1714	2580
2403	2581
4405	2582
1639	2583
182	2584
873	2585
1748	2586
3272	2587
5547	2588
1650	2589
5650	2590
4789	2591
4924	2592
5200	2593
1962	2594
5354	2595
5156	2596
2970	2597
3054	2598
5994	2599
5793	2600
5020	2601
5824	2602
3967	2603
2969	2604
2187	2605
1252	2606
5733	2607
1696	2608
137	2609
6002	2610
89	2611
2867	2612
2482	2613
4721	2614
3417	2615
623	2616
1437	2617
1129	2618
4127	2619
1289	2620
2108	2621
5891	2622
2510	2623
2991	2624
4	2625
2990	2626
4736	2627
5907	2628
532	2629
4186	2630
1262	2631
3378	2632
3669	2633
2561	2634
2375	2635
2645	2636
3529	2637
427	2638
5390	2639
5684	2640
2232	2641
2294	2642
5424	2643
1523	2644
36	2645
756	2646
2254	2647
1386	2648
93	2649
5289	2650
5723	2651
5291	2652
1055	2653
4292	2654
710	2655
1843	2656
423	2657
591	2658
2039	2659
508	2660
4390	2661
3213	2662
6010	2663
4086	2664
3218	2665
5427	2666
5629	2667
4552	2668
27	2669
3475	2670
5618	2671
2355	2672
715	2673
3728	2674
5208	2675
4566	2676
2390	2677
2722	2678
5936	2679
66	2680
5479	2681
3983	2682
569	2683
1031	2684
2776	2685
5132	2686
1172	2687
2571	2688
3815	2689
5660	2690
3925	2691
2274	2692
291	2693
2351	2694
1931	2695
1491	2696
3742	2697
539	2698
1211	2699
806	2700
305	2701
2789	2702
5211	2703
1825	2704
2890	2705
4483	2706
237	2707
1799	2708
1133	2709
2700	2710
2824	2711
744	2712
1146	2713
5663	2714
1119	2715
3373	2716
5041	2717
5362	2718
4728	2719
3294	2720
4298	2721
660	2722
4933	2723
3025	2724
297	2725
800	2726
4722	2727
3265	2728
5748	2729
2814	2730
1153	2731
3183	2732
604	2733
2899	2734
5410	2735
759	2736
4701	2737
3895	2738
2414	2739
2537	2740
303	2741
6001	2742
4565	2743
2428	2744
1306	2745
1391	2746
5094	2747
3630	2748
5024	2749
284	2750
1308	2751
2498	2752
1722	2753
229	2754
5538	2755
2591	2756
4547	2757
970	2758
5744	2759
4528	2760
3837	2761
2654	2762
410	2763
3202	2764
4645	2765
4788	2766
375	2767
5275	2768
1452	2769
5326	2770
2466	2771
4446	2772
5968	2773
520	2774
2452	2775
4335	2776
1532	2777
234	2778
5558	2779
3935	2780
165	2781
1374	2782
2752	2783
184	2784
3043	2785
4472	2786
2333	2787
4250	2788
3489	2789
2754	2790
4588	2791
147	2792
1543	2793
3302	2794
5047	2795
5	2796
1147	2797
4756	2798
3147	2799
2669	2800
4218	2801
5314	2802
1044	2803
3872	2804
738	2805
922	2806
82	2807
5908	2808
5570	2809
3072	2810
2888	2811
348	2812
1351	2813
3188	2814
3142	2815
5081	2816
4363	2817
2955	2818
5201	2819
5868	2820
3786	2821
1548	2822
3262	2823
5449	2824
967	2825
366	2826
3476	2827
4502	2828
1889	2829
1737	2830
4171	2831
3217	2832
2570	2833
5233	2834
6039	2835
5124	2836
1263	2837
4648	2838
129	2839
2973	2840
5763	2841
4226	2842
121	2843
945	2844
5995	2845
1183	2846
4764	2847
5419	2848
1546	2849
2155	2850
812	2851
1328	2852
4330	2853
1020	2854
3013	2855
5780	2856
749	2857
4931	2858
4640	2859
1361	2860
1239	2861
1921	2862
3622	2863
4328	2864
5388	2865
5106	2866
5057	2867
764	2868
2934	2869
3342	2870
4414	2871
1358	2872
4342	2873
2397	2874
1541	2875
5064	2876
641	2877
1350	2878
2478	2879
1410	2880
1506	2881
260	2882
893	2883
628	2884
164	2885
4173	2886
1136	2887
663	2888
3415	2889
4606	2890
2557	2891
4847	2892
3896	2893
5525	2894
1789	2895
425	2896
4799	2897
3603	2898
1255	2899
3819	2900
5991	2901
5778	2902
399	2903
1002	2904
3180	2905
5847	2906
5080	2907
722	2908
4152	2909
4832	2910
1689	2911
5843	2912
763	2913
5143	2914
1367	2915
323	2916
5006	2917
5632	2918
2765	2919
3233	2920
964	2921
1609	2922
3727	2923
3880	2924
553	2925
685	2926
2905	2927
3620	2928
226	2929
1880	2930
3957	2931
163	2932
1995	2933
5165	2934
167	2935
2666	2936
1961	2937
4571	2938
5982	2939
5367	2940
975	2941
290	2942
4337	2943
2256	2944
561	2945
3748	2946
1757	2947
402	2948
3996	2949
458	2950
1395	2951
3943	2952
1181	2953
611	2954
40	2955
1291	2956
223	2957
4580	2958
3174	2959
2580	2960
3745	2961
1158	2962
5062	2963
5357	2964
3676	2965
1707	2966
2407	2967
5572	2968
1649	2969
541	2970
838	2971
2202	2972
416	2973
5853	2974
2840	2975
4909	2976
5209	2977
4794	2978
5044	2979
3775	2980
821	2981
2456	2982
1901	2983
452	2984
3238	2985
4560	2986
4892	2987
4052	2988
106	2989
263	2990
1780	2991
2472	2992
635	2993
2432	2994
3493	2995
5397	2996
526	2997
143	2998
5218	2999
1768	3000
1191	3001
1576	3002
3004	3003
551	3004
4544	3005
6013	3006
925	3007
3666	3008
2799	3009
733	3010
2258	3011
4521	3012
3964	3013
4512	3014
4278	3015
2933	3016
3936	3017
101	3018
5328	3019
909	3020
2974	3021
3349	3022
5960	3023
3084	3024
5096	3025
1423	3026
245	3027
1072	3028
3937	3029
5596	3030
4663	3031
5881	3032
326	3033
3780	3034
605	3035
5170	3036
2280	3037
928	3038
5469	3039
2508	3040
4124	3041
2873	3042
5545	3043
4324	3044
396	3045
1050	3046
241	3047
3408	3048
4073	3049
979	3050
656	3051
3178	3052
1305	3053
3066	3054
4556	3055
1001	3056
1888	3057
1014	3058
1233	3059
2630	3060
3228	3061
2581	3062
4103	3063
6024	3064
4436	3065
1207	3066
1264	3067
2058	3068
5893	3069
3359	3070
342	3071
4633	3072
5195	3073
3036	3074
1678	3075
2406	3076
3398	3077
3397	3078
3618	3079
3083	3080
5503	3081
3751	3082
971	3083
5619	3084
1322	3085
4676	3086
67	3087
3555	3088
5293	3089
1839	3090
2235	3091
5894	3092
751	3093
5412	3094
548	3095
171	3096
6030	3097
1419	3098
4087	3099
3166	3100
3413	3101
4279	3102
2593	3103
5027	3104
2897	3105
4596	3106
1103	3107
1294	3108
2118	3109
3906	3110
1759	3111
5317	3112
4811	3113
5578	3114
2832	3115
507	3116
2049	3117
1695	3118
3230	3119
107	3120
1312	3121
3007	3122
4296	3123
4134	3124
3198	3125
4175	3126
3000	3127
4704	3128
2922	3129
2231	3130
5129	3131
2097	3132
3503	3133
228	3134
5323	3135
813	3136
2257	3137
1446	3138
3332	3139
2939	3140
499	3141
5078	3142
268	3143
183	3144
3333	3145
5371	3146
5068	3147
1167	3148
2034	3149
4529	3150
1035	3151
1853	3152
3090	3153
5063	3154
1593	3155
2411	3156
2356	3157
343	3158
1729	3159
4364	3160
4908	3161
3710	3162
4195	3163
2514	3164
2391	3165
5797	3166
5284	3167
1418	3168
586	3169
1715	3170
4280	3171
2607	3172
1870	3173
5766	3174
4975	3175
5123	3176
4132	3177
456	3178
4882	3179
2968	3180
4915	3181
4730	3182
3095	3183
3654	3184
514	3185
1584	3186
3314	3187
4024	3188
4587	3189
5197	3190
1076	3191
2502	3192
5544	3193
4790	3194
3747	3195
4870	3196
1380	3197
833	3198
25	3199
1005	3200
1564	3201
5974	3202
2783	3203
3796	3204
5416	3205
4167	3206
5951	3207
2399	3208
590	3209
4214	3210
772	3211
3553	3212
1408	3213
5709	3214
2004	3215
3457	3216
2335	3217
5296	3218
4650	3219
2128	3220
5139	3221
3605	3222
5712	3223
5345	3224
1588	3225
4501	3226
3660	3227
5215	3228
1765	3229
1854	3230
4780	3231
2784	3232
1302	3233
382	3234
1377	3235
1636	3236
1583	3237
3449	3238
3442	3239
982	3240
3488	3241
3608	3242
1906	3243
1526	3244
4499	3245
3420	3246
917	3247
3077	3248
4148	3249
4240	3250
5777	3251
4853	3252
2230	3253
5342	3254
120	3255
4153	3256
208	3257
3364	3258
988	3259
4461	3260
2080	3261
4942	3262
3382	3263
2159	3264
566	3265
597	3266
3887	3267
5434	3268
2055	3269
2923	3270
2395	3271
3336	3272
2966	3273
3325	3274
3361	3275
5642	3276
923	3277
3532	3278
5048	3279
916	3280
1310	3281
3649	3282
3165	3283
2245	3284
243	3285
1122	3286
3328	3287
1497	3288
920	3289
4102	3290
4382	3291
3170	3292
603	3293
3480	3294
2302	3295
394	3296
212	3297
3368	3298
3684	3299
3338	3300
4691	3301
5037	3302
3929	3303
2185	3304
5966	3305
981	3306
5962	3307
3058	3308
5757	3309
3644	3310
4282	3311
4460	3312
4805	3313
951	3314
491	3315
990	3316
2865	3317
3441	3318
615	3319
4017	3320
956	3321
1319	3322
554	3323
3865	3324
4784	3325
620	3326
3982	3327
288	3328
2659	3329
2246	3330
513	3331
2787	3332
130	3333
1030	3334
5883	3335
4051	3336
3026	3337
3785	3338
125	3339
1890	3340
1503	3341
1162	3342
4216	3343
2797	3344
1244	3345
3961	3346
2282	3347
4188	3348
677	3349
1025	3350
1204	3351
302	3352
2215	3353
3203	3354
5248	3355
4531	3356
3318	3357
4989	3358
530	3359
1008	3360
758	3361
4559	3362
1373	3363
5236	3364
4837	3365
5911	3366
286	3367
5649	3368
5330	3369
5277	3370
5638	3371
3975	3372
5669	3373
90	3374
360	3375
5542	3376
2460	3377
1573	3378
4453	3379
933	3380
517	3381
803	3382
2906	3383
498	3384
2796	3385
3645	3386
2410	3387
2324	3388
5134	3389
1517	3390
544	3391
3700	3392
2000	3393
1965	3394
462	3395
6026	3396
1522	3397
2506	3398
379	3399
1578	3400
1655	3401
5168	3402
4953	3403
2704	3404
1094	3405
2022	3406
4067	3407
269	3408
867	3409
1159	3410
1885	3411
1116	3412
4031	3413
4639	3414
2972	3415
4782	3416
3012	3417
4373	3418
1953	3419
3171	3420
3857	3421
1268	3422
8	3423
256	3424
973	3425
1033	3426
2954	3427
2931	3428
3390	3429
160	3430
3207	3431
2104	3432
2703	3433
1399	3434
1862	3435
19	3436
4273	3437
3536	3438
5608	3439
831	3440
490	3441
2790	3442
1806	3443
4735	3444
2283	3445
5912	3446
466	3447
5574	3448
1323	3449
2936	3450
3591	3451
3136	3452
1851	3453
1589	3454
340	3455
4260	3456
3344	3457
5313	3458
4866	3459
5702	3460
1023	3461
3677	3462
249	3463
4772	3464
5102	3465
1300	3466
645	3467
3003	3468
3933	3469
4144	3470
5671	3471
1064	3472
3482	3473
4702	3474
3701	3475
5310	3476
3030	3477
4850	3478
3636	3479
334	3480
3297	3481
1731	3482
3954	3483
1081	3484
3231	3485
904	3486
194	3487
3141	3488
5407	3489
5765	3490
5414	3491
5069	3492
5365	3493
64	3494
2021	3495
4533	3496
4168	3497
1782	3498
1857	3499
349	3500
5590	3501
3696	3502
3405	3503
1831	3504
5487	3505
2517	3506
3051	3507
1381	3508
3917	3509
1632	3510
2354	3511
2734	3512
999	3513
3921	3514
3002	3515
500	3516
5657	3517
5985	3518
2978	3519
4670	3520
2690	3521
4833	3522
1278	3523
5301	3524
2513	3525
3908	3526
2782	3527
1078	3528
3988	3529
5751	3530
4809	3531
3046	3532
2177	3533
691	3534
413	3535
2764	3536
4306	3537
5720	3538
1923	3539
201	3540
980	3541
2081	3542
1106	3543
785	3544
4857	3545
3659	3546
335	3547
127	3548
1499	3549
4313	3550
5726	3551
5231	3552
3143	3553
479	3554
2684	3555
2801	3556
4750	3557
3640	3558
3916	3559
2822	3560
895	3561
1427	3562
34	3563
4444	3564
3951	3565
1604	3566
5678	3567
521	3568
4438	3569
4969	3570
4934	3571
2825	3572
1444	3573
908	3574
5802	3575
2204	3576
711	3577
2815	3578
4435	3579
3150	3580
2277	3581
2398	3582
3934	3583
5263	3584
390	3585
706	3586
2468	3587
1290	3588
5820	3589
5043	3590
5616	3591
1552	3592
5393	3593
141	3594
4027	3595
1841	3596
2117	3597
1873	3598
5341	3599
1468	3600
5607	3601
1868	3602
6035	3603
2281	3604
5249	3605
1509	3606
5053	3607
4916	3608
2742	3609
4746	3610
333	3611
4466	3612
1104	3613
1700	3614
5187	3615
2374	3616
3706	3617
4080	3618
2720	3619
5303	3620
104	3621
29	3622
5865	3623
1457	3624
4309	3625
2454	3626
4449	3627
5610	3628
828	3629
4063	3630
321	3631
1286	3632
2511	3633
5838	3634
901	3635
3974	3636
3890	3637
4254	3638
1542	3639
4494	3640
2621	3641
3310	3642
1467	3643
1439	3644
2325	3645
2400	3646
2694	3647
1525	3648
2119	3649
186	3650
1824	3651
4925	3652
1718	3653
2158	3654
5876	3655
267	3656
3734	3657
1458	3658
1213	3659
1227	3660
5532	3661
3699	3662
510	3663
4548	3664
3979	3665
2745	3666
1484	3667
2330	3668
5798	3669
1048	3670
4561	3671
2672	3672
2886	3673
3568	3674
1652	3675
3331	3676
3244	3677
199	3678
4350	3679
4454	3680
4198	3681
1041	3682
1013	3683
3874	3684
3876	3685
5087	3686
5348	3687
878	3688
863	3689
4894	3690
2699	3691
2631	3692
4791	3693
4864	3694
1558	3695
4902	3696
3453	3697
1808	3698
3919	3699
294	3700
2771	3701
5505	3702
3377	3703
460	3704
5647	3705
3463	3706
4263	3707
1726	3708
4795	3709
4814	3710
5929	3711
777	3712
4711	3713
4828	3714
4810	3715
1614	3716
4412	3717
796	3718
2811	3719
4336	3720
1960	3721
2056	3722
1335	3723
2210	3724
330	3725
2200	3726
1161	3727
2586	3728
1860	3729
3024	3730
5350	3731
3456	3732
654	3733
1575	3734
1617	3735
5840	3736
1801	3737
2975	3738
1629	3739
5796	3740
545	3741
4367	3742
769	3743
4224	3744
471	3745
3804	3746
4066	3747
5917	3748
4503	3749
5226	3750
4632	3751
5739	3752
5582	3753
6037	3754
5204	3755
5127	3756
411	3757
2359	3758
5631	3759
5386	3760
4679	3761
5500	3762
3831	3763
2823	3764
2846	3765
2228	3766
4661	3767
2284	3768
4487	3769
4187	3770
3062	3771
4251	3772
2338	3773
3185	3774
3864	3775
1892	3776
4353	3777
339	3778
5499	3779
4965	3780
952	3781
283	3782
5095	3783
5745	3784
2071	3785
1914	3786
1198	3787
1688	3788
1212	3789
3958	3790
5771	3791
823	3792
180	3793
2915	3794
911	3795
3104	3796
2442	3797
4432	3798
1834	3799
638	3800
3144	3801
1663	3802
5688	3803
3771	3804
3629	3805
2318	3806
3470	3807
3952	3808
2959	3809
3243	3810
3352	3811
3274	3812
4081	3813
2572	3814
4576	3815
4246	3816
2596	3817
5913	3818
5023	3819
5115	3820
5661	3821
1219	3822
344	3823
2250	3824
2833	3825
787	3826
3358	3827
383	3828
4321	3829
5603	3830
3345	3831
5521	3832
2044	3833
2306	3834
2864	3835
3105	3836
2136	3837
1012	3838
2623	3839
2435	3840
108	3841
890	3842
1498	3843
3152	3844
4930	3845
5552	3846
1705	3847
1670	3848
3317	3849
2951	3850
2276	3851
4420	3852
4164	3853
1775	3854
1301	3855
5750	3856
5097	3857
5122	3858
2792	3859
5075	3860
1407	3861
2295	3862
1003	3863
4199	3864
661	3865
5436	3866
3817	3867
2139	3868
4630	3869
2332	3870
1195	3871
74	3872
4522	3873
4252	3874
3822	3875
1011	3876
448	3877
3283	3878
3762	3879
5987	3880
4960	3881
1932	3882
2142	3883
2650	3884
2310	3885
4320	3886
783	3887
1863	3888
870	3889
4211	3890
5145	3891
1288	3892
4360	3893
4026	3894
1482	3895
5973	3896
2078	3897
944	3898
542	3899
1253	3900
4581	3901
1669	3902
1816	3903
2548	3904
3019	3905
3782	3906
2837	3907
589	3908
861	3909
1222	3910
4165	3911
4830	3912
2574	3913
4233	3914
1945	3915
3664	3916
4439	3917
1474	3918
1097	3919
4465	3920
2579	3921
2670	3922
4434	3923
1032	3924
2935	3925
1817	3926
4222	3927
1475	3928
1937	3929
1006	3930
2859	3931
6017	3932
582	3933
2087	3934
3211	3935
363	3936
579	3937
581	3938
670	3939
203	3940
724	3941
1404	3942
1866	3943
1767	3944
4717	3945
168	3946
2594	3947
4098	3948
5426	3949
2740	3950
3194	3951
4977	3952
5149	3953
5084	3954
5863	3955
2314	3956
2916	3957
1349	3958
3582	3959
3694	3960
2647	3961
3295	3962
2481	3963
3089	3964
3574	3965
1476	3966
3248	3967
4698	3968
4569	3969
2828	3970
5230	3971
2112	3972
5892	3973
2748	3974
3022	3975
2150	3976
2008	3977
4403	3978
3597	3979
5458	3980
3384	3981
4672	3982
4824	3983
1325	3984
3138	3985
5188	3986
444	3987
5477	3988
4059	3989
5885	3990
4744	3991
4958	3992
789	3993
5648	3994
4190	3995
522	3996
357	3997
3781	3998
3730	3999
49	4000
464	4001
3040	4002
2240	4003
5900	4004
5685	4005
3439	4006
1461	4007
56	4008
2027	4009
757	4010
4032	4011
3020	4012
3959	4013
511	4014
2213	4015
5430	4016
4690	4017
1160	4018
4002	4019
1519	4020
5646	4021
3124	4022
1197	4023
5119	4024
3249	4025
695	4026
1028	4027
2633	4028
2488	4029
1622	4030
324	4031
3460	4032
2648	4033
3621	4034
3830	4035
345	4036
2947	4037
4835	4038
134	4039
2426	4040
2102	4041
2186	4042
5858	4043
4919	4044
755	4045
4236	4046
5470	4047
95	4048
4658	4049
4374	4050
2521	4051
4872	4052
632	4053
3187	4054
1874	4055
3510	4056
2471	4057
2940	4058
1463	4059
4135	4060
1981	4061
5093	4062
4442	4063
20	4064
4456	4065
3625	4066
4812	4067
2998	4068
1567	4069
3924	4070
3438	4071
5551	4072
3329	4073
5992	4074
4685	4075
2855	4076
2718	4077
1016	4078
3950	4079
1241	4080
3133	4081
599	4082
1042	4083
4911	4084
5176	4085
1265	4086
1216	4087
433	4088
4182	4089
2086	4090
4783	4091
4365	4092
4179	4093
4849	4094
5791	4095
3498	4096
4079	4097
1654	4098
537	4099
1075	4100
4928	4101
5975	4102
4184	4103
1800	4104
3160	4105
3191	4106
3643	4107
3949	4108
1511	4109
316	4110
1173	4111
3270	4112
2107	4113
5849	4114
2467	4115
2525	4116
997	4117
2794	4118
580	4119
3418	4120
2556	4121
3258	4122
2154	4123
1426	4124
4045	4125
4723	4126
891	4127
1754	4128
3530	4129
2382	4130
2300	4131
2396	4132
3749	4133
4644	4134
1704	4135
5942	4136
4536	4137
2371	4138
3565	4139
1989	4140
1280	4141
3050	4142
1145	4143
391	4144
4652	4145
5038	4146
5334	4147
1634	4148
113	4149
388	4150
112	4151
5873	4152
2708	4153
2588	4154
31	4155
834	4156
5710	4157
5372	4158
1681	4159
5997	4160
5560	4161
4323	4162
1679	4163
3569	4164
3431	4165
4174	4166
912	4167
4498	4168
4920	4169
4409	4170
2003	4171
4455	4172
2046	4173
4665	4174
5385	4175
2912	4176
478	4177
3707	4178
2378	4179
5933	4180
1711	4181
3849	4182
992	4183
4706	4184
3033	4185
1626	4186
1450	4187
1118	4188
459	4189
5167	4190
3468	4191
1453	4192
5318	4193
5128	4194
1653	4195
188	4196
3268	4197
91	4198
5258	4199
2224	4200
5010	4201
1602	4202
1625	4203
4316	4204
3810	4205
3322	4206
760	4207
2892	4208
3776	4209
602	4210
1428	4211
4178	4212
2695	4213
2919	4214
4203	4215
3478	4216
1569	4217
3962	4218
2875	4219
5613	4220
2057	4221
2751	4222
3347	4223
3960	4224
296	4225
5949	4226
320	4227
4047	4228
2171	4229
3835	4230
3422	4231
1913	4232
377	4233
640	4234
102	4235
734	4236
940	4237
5183	4238
3186	4239
5259	4240
5683	4241
5823	4242
2331	4243
420	4244
662	4245
1911	4246
5540	4247
4283	4248
3448	4249
969	4250
2848	4251
2345	4252
2606	4253
1169	4254
3298	4255
5065	4256
2194	4257
3567	4258
1610	4259
3978	4260
3738	4261
559	4262
3609	4263
1819	4264
4322	4265
4130	4266
2216	4267
3533	4268
4380	4269
4949	4270
3516	4271
3048	4272
1713	4273
6019	4274
289	4275
3531	4276
2853	4277
4862	4278
3720	4279
5816	4280
1336	4281
4239	4282
2093	4283
4339	4284
936	4285
4371	4286
1929	4287
4340	4288
2305	4289
5687	4290
858	4291
1563	4292
2308	4293
3514	4294
5947	4295
4314	4296
3200	4297
1690	4298
1455	4299
1353	4300
1544	4301
1296	4302
2461	4303
2903	4304
197	4305
2999	4306
5977	4307
3965	4308
5476	4309
830	4310
1165	4311
3534	4312
4071	4313
3206	4314
1970	4315
3690	4316
486	4317
1779	4318
584	4319
2342	4320
3421	4321
5321	4322
974	4323
4445	4324
6031	4325
1898	4326
2953	4327
4004	4328
2834	4329
5579	4330
4955	4331
359	4332
720	4333
3840	4334
5639	4335
2960	4336
3806	4337
2687	4338
98	4339
5164	4340
1256	4341
1063	4342
2404	4343
5150	4344
4259	4345
658	4346
2603	4347
5829	4348
3341	4349
5051	4350
4428	4351
1555	4352
552	4353
2483	4354
3241	4355
4208	4356
3783	4357
5833	4358
1516	4359
1603	4360
3899	4361
317	4362
1208	4363
1	4364
826	4365
2602	4366
6020	4367
5556	4368
5461	4369
4057	4370
1539	4371
2013	4372
2535	4373
5830	4374
1043	4375
3861	4376
3214	4377
1232	4378
3112	4379
1665	4380
2476	4381
5836	4382
1209	4383
5827	4384
689	4385
808	4386
2688	4387
4020	4388
3315	4389
3006	4390
2076	4391
5492	4392
2065	4393
118	4394
5189	4395
3653	4396
2430	4397
5990	4398
39	4399
1486	4400
200	4401
5261	4402
4519	4403
4594	4404
4019	4405
5509	4406
4181	4407
3429	4408
2473	4409
196	4410
5633	4411
3577	4412
87	4413
1154	4414
666	4415
407	4416
5774	4417
2589	4418
3494	4419
2964	4420
4348	4421
3179	4422
4128	4423
3148	4424
4603	4425
3505	4426
1178	4427
2209	4428
5735	4429
4290	4430
1201	4431
2408	4432
994	4433
4514	4434
2069	4435
842	4436
2238	4437
2639	4438
3944	4439
5877	4440
2927	4441
4534	4442
2738	4443
2587	4444
1720	4445
2881	4446
1850	4447
3047	4448
94	4449
122	4450
675	4451
3153	4452
567	4453
4776	4454
5004	4455
3109	4456
3246	4457
215	4458
3068	4459
3063	4460
1975	4461
2431	4462
5105	4463
740	4464
5937	4465
3	4466
1844	4467
4868	4468
3790	4469
1640	4470
353	4471
189	4472
4015	4473
1018	4474
287	4475
4836	4476
3435	4477
4903	4478
5864	4479
819	4480
4963	4481
2032	4482
1762	4483
1478	4484
1858	4485
126	4486
103	4487
3324	4488
3846	4489
4740	4490
3580	4491
3492	4492
864	4493
2243	4494
4291	4495
1037	4496
4753	4497
4495	4498
356	4499
1115	4500
3898	4501
2278	4502
2728	4503
88	4504
629	4505
2440	4506
3923	4507
5034	4508
2917	4509
5455	4510
3078	4511
4176	4512
995	4513
961	4514
4987	4515
4166	4516
1292	4517
766	4518
306	4519
3703	4520
5007	4521
1739	4522
1400	4523
3113	4524
1365	4525
4146	4526
251	4527
3941	4528
5185	4529
4000	4530
5753	4531
2405	4532
872	4533
5290	4534
4013	4535
5510	4536
443	4537
1155	4538
2831	4539
4311	4540
2060	4541
5022	4542
2427	4543
277	4544
5887	4545
2759	4546
5940	4547
3383	4548
2491	4549
2367	4550
2600	4551
2475	4552
1180	4553
2816	4554
1725	4555
2422	4556
5564	4557
3209	4558
2062	4559
2617	4560
4662	4561
2604	4562
4147	4563
4628	4564
2418	4565
2447	4566
4101	4567
5336	4568
4681	4569
1245	4570
3843	4571
5686	4572
4733	4573
768	4574
4244	4575
350	4576
5368	4577
4200	4578
1684	4579
100	4580
634	4581
1229	4582
4096	4583
3972	4584
2352	4585
5202	4586
115	4587
313	4588
4234	4589
3407	4590
3986	4591
684	4592
2505	4593
4294	4594
2169	4595
400	4596
1864	4597
5498	4598
1773	4599
128	4600
3184	4601
1646	4602
1642	4603
4474	4604
4994	4605
1956	4606
3057	4607
3732	4608
794	4609
5285	4610
5783	4611
69	4612
2470	4613
4326	4614
4843	4615
1795	4616
4257	4617
4570	4618
3372	4619
2533	4620
5173	4621
2361	4622
5528	4623
3901	4624
698	4625
1595	4626
5194	4627
3779	4628
4555	4629
1902	4630
2766	4631
2882	4632
401	4633
960	4634
3818	4635
3293	4636
2963	4637
5708	4638
2876	4639
2113	4640
5141	4641
68	4642
3477	4643
4551	4644
2770	4645
5906	4646
2932	4647
1876	4648
3500	4649
848	4650
4574	4651
1267	4652
1735	4653
2328	4654
5169	4655
4477	4656
1978	4657
852	4658
3284	4659
2394	4660
3866	4661
1360	4662
871	4663
4527	4664
2066	4665
1082	4666
248	4667
4613	4668
430	4669
1108	4670
1872	4671
2893	4672
5116	4673
4891	4674
2388	4675
3479	4676
4383	4677
4848	4678
4747	4679
5355	4680
1648	4681
4999	4682
2143	4683
2290	4684
3918	4685
4423	4686
1900	4687
5713	4688
3602	4689
4040	4690
5514	4691
827	4692
6021	4693
4515	4694
2001	4695
3750	4696
220	4697
4518	4698
1818	4699
365	4700
1375	4701
2459	4702
4228	4703
3594	4704
5882	4705
3984	4706
174	4707
5898	4708
2842	4709
4061	4710
592	4711
4699	4712
2653	4713
221	4714
1000	4715
3014	4716
3543	4717
85	4718
3990	4719
1148	4720
1332	4721
481	4722
5844	4723
516	4724
2377	4725
915	4726
2879	4727
30	4728
1708	4729
55	4730
4712	4731
4145	4732
3135	4733
2095	4734
2980	4735
2635	4736
3811	4737
4806	4738
1660	4739
262	4740
1948	4741
5400	4742
4610	4743
860	4744
5358	4745
3581	4746
5016	4747
2464	4748
1760	4749
708	4750
1520	4751
4197	4752
3973	4753
742	4754
3657	4755
138	4756
4542	4757
2835	4758
46	4759
5154	4760
4143	4761
4044	4762
5696	4763
47	4764
2387	4765
4694	4766
4492	4767
2636	4768
292	4769
1538	4770
3797	4771
2622	4772
79	4773
4462	4774
4055	4775
3335	4776
374	4777
114	4778
5375	4779
5356	4780
1702	4781
1512	4782
4012	4783
2134	4784
5950	4785
3114	4786
4338	4787
2437	4788
3340	4789
1225	4790
2458	4791
849	4792
6011	4793
455	4794
1334	4795
3088	4796
5490	4797
4856	4798
3566	4799
2445	4800
5186	4801
1549	4802
3059	4803
4347	4804
4710	4805
2542	4806
370	4807
3100	4808
761	4809
3008	4810
2652	4811
1371	4812
5456	4813
4400	4814
4192	4815
2297	4816
5988	4817
2950	4818
3587	4819
2201	4820
3131	4821
170	4822
1686	4823
4724	4824
874	4825
5879	4826
3362	4827
866	4828
986	4829
5835	4830
717	4831
5591	4832
616	4833
3593	4834
779	4835
5257	4836
5979	4837
5374	4838
5965	4839
3064	4840
3793	4841
233	4842
906	4843
3168	4844
746	4845
1409	4846
650	4847
5700	4848
5130	4849
354	4850
4641	4851
2207	4852
1590	4853
5773	4854
5298	4855
527	4856
5003	4857
902	4858
358	4859
3145	4860
4741	4861
595	4862
5013	4863
3334	4864
2716	4865
1830	4866
311	4867
3522	4868
281	4869
4468	4870
2217	4871
913	4872
5800	4873
1495	4874
4136	4875
3552	4876
3911	4877
3222	4878
5270	4879
2819	4880
5031	4881
3991	4882
1200	4883
5534	4884
4225	4885
3656	4886
883	4887
3061	4888
4759	4889
1979	4890
6	4891
2477	4892
5637	4893
5101	4894
4372	4895
1052	4896
5125	4897
4554	4898
3535	4899
3326	4900
4755	4901
1827	4902
1738	4903
2614	4904
4912	4905
4900	4906
2992	4907
5379	4908
5711	4909
5381	4910
2045	4911
4584	4912
1964	4913
2346	4914
607	4915
2843	4916
2821	4917
3667	4918
930	4919
5866	4920
5360	4921
5914	4922
2512	4923
4985	4924
5088	4925
5562	4926
2802	4927
2937	4928
3319	4929
2601	4930
1342	4931
786	4932
1102	4933
683	4934
80	4935
4229	4936
4100	4937
2877	4938
4274	4939
2019	4940
3613	4941
4839	4942
2874	4943
2101	4944
5179	4945
4475	4946
4582	4947
1269	4948
5029	4949
2392	4950
2443	4951
600	4952
2780	4953
5243	4954
1238	4955
3814	4956
5331	4957
3303	4958
892	4959
3848	4960
3897	4961
6027	4962
643	4963
2827	4964
2370	4965
5040	4966
534	4967
227	4968
782	4969
4039	4970
805	4971
2993	4972
232	4973
502	4974
5768	4975
395	4976
1401	4977
4108	4978
5970	4979
649	4980
5612	4981
2620	4982
5549	4983
1009	4984
576	4985
3671	4986
1619	4987
1935	4988
2584	4989
5681	4990
3015	4991
3674	4992
2075	4993
784	4994
463	4995
3387	4996
4778	4997
3255	4998
495	4999
1462	5000
5192	5001
5137	5002
525	5003
693	5004
4343	5005
432	5006
2341	5007
512	5008
1531	5009
2182	5010
4221	5011
5118	5012
2149	5013
1957	5014
253	5015
4971	5016
1572	5017
4011	5018
3926	5019
2433	5020
2474	5021
2099	5022
381	5023
4256	5024
4357	5025
2499	5026
2543	5027
1250	5028
804	5029
404	5030
2725	5031
5571	5032
4056	5033
5897	5034
565	5035
5918	5036
2667	5037
5045	5038
1847	5039
2322	5040
4885	5041
5272	5042
1283	5043
5919	5044
4129	5045
1433	5046
1867	5047
1924	5048
5252	5049
5737	5050
4720	5051
2385	5052
3052	5053
5953	5054
3443	5055
3177	5056
3527	5057
2184	5058
2856	5059
2360	5060
5695	5061
3977	5062
2317	5063
1111	5064
280	5065
4818	5066
2291	5067
3232	5068
3079	5069
158	5070
2270	5071
4758	5072
1710	5073
1535	5074
4076	5075
4616	5076
709	5077
5162	5078
1477	5079
4095	5080
1368	5081
606	5082
2048	5083
4564	5084
54	5085
5983	5086
1359	5087
1518	5088
900	5089
2193	5090
4479	5091
5177	5092
4599	5093
3595	5094
2339	5095
4549	5096
4366	5097
1411	5098
5651	5099
1537	5100
4752	5101
5160	5102
5926	5103
2524	5104
4944	5105
5190	5106
2532	5107
3289	5108
2365	5109
4443	5110
4807	5111
2956	5112
898	5113
2838	5114
3655	5115
2163	5116
4172	5117
5036	5118
1769	5119
5017	5120
535	5121
2218	5122
3239	5123
959	5124
5690	5125
4504	5126
4941	5127
3637	5128
5370	5129
2286	5130
991	5131
4692	5132
3263	5133
421	5134
3193	5135
70	5136
4308	5137
2495	5138
3508	5139
5206	5140
3867	5141
4873	5142
814	5143
3351	5144
3392	5145
612	5146
4349	5147
5425	5148
275	5149
2957	5150
573	5151
3330	5152
5439	5153
3839	5154
1536	5155
5481	5156
1337	5157
4346	5158
4359	5159
487	5160
905	5161
2272	5162
4727	5163
774	5164
3316	5165
1777	5166
5640	5167
2413	5168
2836	5169
3286	5170
2425	5171
4787	5172
2358	5173
1226	5174
4935	5175
485	5176
7	5177
3123	5178
3583	5179
4332	5180
2127	5181
3254	5182
2626	5183
1971	5184
1751	5185
2528	5186
1370	5187
4827	5188
497	5189
1566	5190
5478	5191
1581	5192
1750	5193
5411	5194
4003	5195
1811	5196
4105	5197
2147	5198
3137	5199
1955	5200
32	5201
5527	5202
730	5203
1574	5204
1976	5205
5212	5206
1171	5207
2434	5208
4046	5209
857	5210
3632	5211
2126	5212
1977	5213
1416	5214
4241	5215
5666	5216
252	5217
2615	5218
2697	5219
3016	5220
4895	5221
2487	5222
1568	5223
2713	5224
3366	5225
5821	5226
6032	5227
3692	5228
4970	5229
1275	5230
3176	5231
4871	5232
1846	5233
4938	5234
4037	5235
3103	5236
2582	5237
3767	5238
4205	5239
2749	5240
1973	5241
1766	5242
519	5243
2268	5244
3662	5245
2902	5246
5901	5247
2137	5248
1933	5249
2248	5250
3282	5251
279	5252
1107	5253
4180	5254
5935	5255
4245	5256
3437	5257
4065	5258
152	5259
4657	5260
3668	5261
1893	5262
2884	5263
2850	5264
4598	5265
4426	5266
879	5267
5903	5268
5781	5269
2830	5270
2416	5271
972	5272
4982	5273
4293	5274
5541	5275
4023	5276
1910	5277
4660	5278
557	5279
1192	5280
627	5281
3969	5282
2183	5283
3495	5284
5586	5285
1432	5286
3549	5287
2755	5288
2479	5289
3744	5290
1487	5291
2551	5292
4763	5293
4695	5294
2546	5295
4210	5296
3606	5297
1905	5298
5984	5299
5694	5300
907	5301
4760	5302
1282	5303
5155	5304
2527	5305
5191	5306
4399	5307
3098	5308
14	5309
668	5310
3623	5311
5807	5312
4385	5313
2585	5314
1557	5315
2006	5316
5462	5317
2673	5318
2861	5319
2439	5320
2144	5321
5934	5322
703	5323
5529	5324
3680	5325
480	5326
5380	5327
2598	5328
5559	5329
41	5330
4797	5331
2714	5332
2212	5333
4860	5334
5079	5335
938	5336
1406	5337
1761	5338
799	5339
3127	5340
3604	5341
4667	5342
2412	5343
1397	5344
2123	5345
4840	5346
5703	5347
4163	5348
4206	5349
5584	5350
5817	5351
4038	5352
387	5353
5309	5354
3714	5355
4513	5356
4913	5357
4154	5358
4395	5359
5117	5360
4668	5361
2560	5362
422	5363
4878	5364
4590	5365
4558	5366
1565	5367
2637	5368
1721	5369
1174	5370
2357	5371
5810	5372
3541	5373
217	5374
362	5375
4761	5376
807	5377
1149	5378
1438	5379
5799	5380
4988	5381
1070	5382
1424	5383
1570	5384
2839	5385
2009	5386
1826	5387
4767	5388
3220	5389
2721	5390
2655	5391
652	5392
5276	5393
4537	5394
3117	5395
5967	5396
5240	5397
4709	5398
5537	5399
2961	5400
2463	5401
5039	5402
5050	5403
364	5404
1852	5405
5515	5406
4604	5407
3496	5408
2657	5409
3869	5410
614	5411
2710	5412
1580	5413
71	5414
1612	5415
57	5416
3385	5417
3863	5418
4617	5419
3647	5420
2531	5421
5241	5422
